RESOCONTO ADDESTRAMENTO CENTRALIZZATO SMARTGRID
Epoche totali: 89

TABELLA RIASSUNTIVA METRICHE:
============================================================================================================================================
Epoch   Loss         Accuracy     BalancedAcc    AUC        F1_Score     F1_Natural   F1_Attack    Precision    Precision_Nat   Precision_Att   Recall       Recall_Nat    Recall_Att  
--------------------------------------------------------------------------------------------------------------------------------------------
1       1.513027     0.601684     0.698283       0.574957   0.699225     0.573175     0.750657     0.746165     0.472074        0.858001        0.685209     0.729381      0.667186    
2       1.056098     0.610785     0.698283       0.602878   0.699225     0.573175     0.750657     0.746165     0.472074        0.858001        0.685209     0.729381      0.667186    
3       0.838012     0.629753     0.698283       0.636939   0.699225     0.573175     0.750657     0.746165     0.472074        0.858001        0.685209     0.729381      0.667186    
4       0.737300     0.636132     0.698283       0.704466   0.699225     0.573175     0.750657     0.746165     0.472074        0.858001        0.685209     0.729381      0.667186    
5       0.677415     0.625245     0.698283       0.713637   0.699225     0.573175     0.750657     0.746165     0.472074        0.858001        0.685209     0.729381      0.667186    
6       0.652528     0.577018     0.698283       0.723354   0.699225     0.573175     0.750657     0.746165     0.472074        0.858001        0.685209     0.729381      0.667186    
7       0.642761     0.580335     0.698283       0.720864   0.699225     0.573175     0.750657     0.746165     0.472074        0.858001        0.685209     0.729381      0.667186    
8       0.630974     0.581271     0.698283       0.724379   0.699225     0.573175     0.750657     0.746165     0.472074        0.858001        0.685209     0.729381      0.667186    
9       0.626593     0.568938     0.698283       0.724614   0.699225     0.573175     0.750657     0.746165     0.472074        0.858001        0.685209     0.729381      0.667186    
10      0.622795     0.577443     0.698283       0.731998   0.699225     0.573175     0.750657     0.746165     0.472074        0.858001        0.685209     0.729381      0.667186    
11      0.620939     0.571319     0.698283       0.736031   0.699225     0.573175     0.750657     0.746165     0.472074        0.858001        0.685209     0.729381      0.667186    
12      0.617898     0.586289     0.698283       0.733833   0.699225     0.573175     0.750657     0.746165     0.472074        0.858001        0.685209     0.729381      0.667186    
13      0.611331     0.603470     0.698283       0.733826   0.699225     0.573175     0.750657     0.746165     0.472074        0.858001        0.685209     0.729381      0.667186    
14      0.606839     0.593774     0.698283       0.736816   0.699225     0.573175     0.750657     0.746165     0.472074        0.858001        0.685209     0.729381      0.667186    
15      0.612122     0.588841     0.698283       0.733979   0.699225     0.573175     0.750657     0.746165     0.472074        0.858001        0.685209     0.729381      0.667186    
16      0.616622     0.588585     0.698283       0.734351   0.699225     0.573175     0.750657     0.746165     0.472074        0.858001        0.685209     0.729381      0.667186    
17      0.606282     0.587140     0.698283       0.737370   0.699225     0.573175     0.750657     0.746165     0.472074        0.858001        0.685209     0.729381      0.667186    
18      0.610377     0.589946     0.698283       0.738490   0.699225     0.573175     0.750657     0.746165     0.472074        0.858001        0.685209     0.729381      0.667186    
19      0.606939     0.617675     0.698283       0.738190   0.699225     0.573175     0.750657     0.746165     0.472074        0.858001        0.685209     0.729381      0.667186    
20      0.612874     0.583737     0.698283       0.735453   0.699225     0.573175     0.750657     0.746165     0.472074        0.858001        0.685209     0.729381      0.667186    
21      0.609277     0.611721     0.698283       0.739716   0.699225     0.573175     0.750657     0.746165     0.472074        0.858001        0.685209     0.729381      0.667186    
22      0.595126     0.627456     0.698283       0.744615   0.699225     0.573175     0.750657     0.746165     0.472074        0.858001        0.685209     0.729381      0.667186    
23      0.596914     0.623033     0.698283       0.745846   0.699225     0.573175     0.750657     0.746165     0.472074        0.858001        0.685209     0.729381      0.667186    
24      0.600488     0.596581     0.698283       0.743608   0.699225     0.573175     0.750657     0.746165     0.472074        0.858001        0.685209     0.729381      0.667186    
25      0.603949     0.596751     0.698283       0.746644   0.699225     0.573175     0.750657     0.746165     0.472074        0.858001        0.685209     0.729381      0.667186    
26      0.594369     0.620226     0.698283       0.745384   0.699225     0.573175     0.750657     0.746165     0.472074        0.858001        0.685209     0.729381      0.667186    
27      0.591236     0.638938     0.698283       0.743846   0.699225     0.573175     0.750657     0.746165     0.472074        0.858001        0.685209     0.729381      0.667186    
28      0.589579     0.638258     0.698283       0.744582   0.699225     0.573175     0.750657     0.746165     0.472074        0.858001        0.685209     0.729381      0.667186    
29      0.593387     0.615548     0.698283       0.746592   0.699225     0.573175     0.750657     0.746165     0.472074        0.858001        0.685209     0.729381      0.667186    
30      0.591805     0.642171     0.698283       0.745064   0.699225     0.573175     0.750657     0.746165     0.472074        0.858001        0.685209     0.729381      0.667186    
31      0.587672     0.656035     0.698283       0.751477   0.699225     0.573175     0.750657     0.746165     0.472074        0.858001        0.685209     0.729381      0.667186    
32      0.595002     0.607553     0.698283       0.747801   0.699225     0.573175     0.750657     0.746165     0.472074        0.858001        0.685209     0.729381      0.667186    
33      0.597382     0.616144     0.698283       0.749792   0.699225     0.573175     0.750657     0.746165     0.472074        0.858001        0.685209     0.729381      0.667186    
34      0.583507     0.647869     0.698283       0.744972   0.699225     0.573175     0.750657     0.746165     0.472074        0.858001        0.685209     0.729381      0.667186    
35      0.589407     0.635111     0.698283       0.751983   0.699225     0.573175     0.750657     0.746165     0.472074        0.858001        0.685209     0.729381      0.667186    
36      0.591816     0.631539     0.698283       0.751088   0.699225     0.573175     0.750657     0.746165     0.472074        0.858001        0.685209     0.729381      0.667186    
37      0.593573     0.643702     0.698283       0.751550   0.699225     0.573175     0.750657     0.746165     0.472074        0.858001        0.685209     0.729381      0.667186    
38      0.596476     0.619291     0.698283       0.750240   0.699225     0.573175     0.750657     0.746165     0.472074        0.858001        0.685209     0.729381      0.667186    
39      0.581372     0.640725     0.698283       0.754926   0.699225     0.573175     0.750657     0.746165     0.472074        0.858001        0.685209     0.729381      0.667186    
40      0.582733     0.644807     0.698283       0.756212   0.699225     0.573175     0.750657     0.746165     0.472074        0.858001        0.685209     0.729381      0.667186    
41      0.588657     0.616909     0.698283       0.757166   0.699225     0.573175     0.750657     0.746165     0.472074        0.858001        0.685209     0.729381      0.667186    
42      0.584755     0.630518     0.698283       0.756830   0.699225     0.573175     0.750657     0.746165     0.472074        0.858001        0.685209     0.729381      0.667186    
43      0.580834     0.644212     0.698283       0.756064   0.699225     0.573175     0.750657     0.746165     0.472074        0.858001        0.685209     0.729381      0.667186    
44      0.580334     0.633410     0.698283       0.755995   0.699225     0.573175     0.750657     0.746165     0.472074        0.858001        0.685209     0.729381      0.667186    
45      0.587839     0.626010     0.698283       0.758280   0.699225     0.573175     0.750657     0.746165     0.472074        0.858001        0.685209     0.729381      0.667186    
46      0.583075     0.627881     0.698283       0.758839   0.699225     0.573175     0.750657     0.746165     0.472074        0.858001        0.685209     0.729381      0.667186    
47      0.583696     0.648210     0.698283       0.758745   0.699225     0.573175     0.750657     0.746165     0.472074        0.858001        0.685209     0.729381      0.667186    
48      0.577078     0.664540     0.698283       0.760493   0.699225     0.573175     0.750657     0.746165     0.472074        0.858001        0.685209     0.729381      0.667186    
49      0.578354     0.637833     0.698283       0.760561   0.699225     0.573175     0.750657     0.746165     0.472074        0.858001        0.685209     0.729381      0.667186    
50      0.582373     0.642256     0.698283       0.761652   0.699225     0.573175     0.750657     0.746165     0.472074        0.858001        0.685209     0.729381      0.667186    
51      0.580087     0.655694     0.698283       0.759801   0.699225     0.573175     0.750657     0.746165     0.472074        0.858001        0.685209     0.729381      0.667186    
52      0.581518     0.642086     0.698283       0.761517   0.699225     0.573175     0.750657     0.746165     0.472074        0.858001        0.685209     0.729381      0.667186    
53      0.574398     0.661563     0.698283       0.763069   0.699225     0.573175     0.750657     0.746165     0.472074        0.858001        0.685209     0.729381      0.667186    
54      0.576125     0.664455     0.698283       0.763617   0.699225     0.573175     0.750657     0.746165     0.472074        0.858001        0.685209     0.729381      0.667186    
55      0.578767     0.640810     0.698283       0.764936   0.699225     0.573175     0.750657     0.746165     0.472074        0.858001        0.685209     0.729381      0.667186    
56      0.570778     0.668453     0.698283       0.764515   0.699225     0.573175     0.750657     0.746165     0.472074        0.858001        0.685209     0.729381      0.667186    
57      0.583361     0.630943     0.698283       0.766127   0.699225     0.573175     0.750657     0.746165     0.472074        0.858001        0.685209     0.729381      0.667186    
58      0.573349     0.663690     0.698283       0.764531   0.699225     0.573175     0.750657     0.746165     0.472074        0.858001        0.685209     0.729381      0.667186    
59      0.570586     0.658501     0.698283       0.764623   0.699225     0.573175     0.750657     0.746165     0.472074        0.858001        0.685209     0.729381      0.667186    
60      0.569245     0.669984     0.698283       0.766370   0.699225     0.573175     0.750657     0.746165     0.472074        0.858001        0.685209     0.729381      0.667186    
61      0.577456     0.645573     0.698283       0.765548   0.699225     0.573175     0.750657     0.746165     0.472074        0.858001        0.685209     0.729381      0.667186    
62      0.574990     0.646508     0.698283       0.767483   0.699225     0.573175     0.750657     0.746165     0.472074        0.858001        0.685209     0.729381      0.667186    
63      0.572131     0.655014     0.698283       0.767716   0.699225     0.573175     0.750657     0.746165     0.472074        0.858001        0.685209     0.729381      0.667186    
64      0.572195     0.652803     0.698283       0.770992   0.699225     0.573175     0.750657     0.746165     0.472074        0.858001        0.685209     0.729381      0.667186    
65      0.568219     0.660628     0.698283       0.771644   0.699225     0.573175     0.750657     0.746165     0.472074        0.858001        0.685209     0.729381      0.667186    
66      0.570632     0.663520     0.698283       0.772828   0.699225     0.573175     0.750657     0.746165     0.472074        0.858001        0.685209     0.729381      0.667186    
67      0.567371     0.665816     0.698283       0.773245   0.699225     0.573175     0.750657     0.746165     0.472074        0.858001        0.685209     0.729381      0.667186    
68      0.567240     0.661308     0.698283       0.772770   0.699225     0.573175     0.750657     0.746165     0.472074        0.858001        0.685209     0.729381      0.667186    
69      0.565022     0.675938     0.698283       0.771179   0.699225     0.573175     0.750657     0.746165     0.472074        0.858001        0.685209     0.729381      0.667186    
70      0.563395     0.663860     0.698283       0.773108   0.699225     0.573175     0.750657     0.746165     0.472074        0.858001        0.685209     0.729381      0.667186    
71      0.563074     0.675683     0.698283       0.773088   0.699225     0.573175     0.750657     0.746165     0.472074        0.858001        0.685209     0.729381      0.667186    
72      0.568369     0.659777     0.698283       0.775353   0.699225     0.573175     0.750657     0.746165     0.472074        0.858001        0.685209     0.729381      0.667186    
73      0.576458     0.635791     0.698283       0.775976   0.699225     0.573175     0.750657     0.746165     0.472074        0.858001        0.685209     0.729381      0.667186    
74      0.564831     0.667687     0.698283       0.774832   0.699225     0.573175     0.750657     0.746165     0.472074        0.858001        0.685209     0.729381      0.667186    
75      0.564551     0.663264     0.698283       0.774551   0.699225     0.573175     0.750657     0.746165     0.472074        0.858001        0.685209     0.729381      0.667186    
76      0.563436     0.675342     0.698283       0.778595   0.699225     0.573175     0.750657     0.746165     0.472074        0.858001        0.685209     0.729381      0.667186    
77      0.562958     0.673726     0.698283       0.779532   0.699225     0.573175     0.750657     0.746165     0.472074        0.858001        0.685209     0.729381      0.667186    
78      0.557472     0.684698     0.698283       0.780775   0.699225     0.573175     0.750657     0.746165     0.472074        0.858001        0.685209     0.729381      0.667186    
79      0.558026     0.686740     0.698283       0.778398   0.699225     0.573175     0.750657     0.746165     0.472074        0.858001        0.685209     0.729381      0.667186    
80      0.560626     0.684358     0.698283       0.779240   0.699225     0.573175     0.750657     0.746165     0.472074        0.858001        0.685209     0.729381      0.667186    
81      0.556121     0.685209     0.698283       0.779764   0.699225     0.573175     0.750657     0.746165     0.472074        0.858001        0.685209     0.729381      0.667186    
82      0.560923     0.666241     0.698283       0.780822   0.699225     0.573175     0.750657     0.746165     0.472074        0.858001        0.685209     0.729381      0.667186    
83      0.558756     0.674152     0.698283       0.780584   0.699225     0.573175     0.750657     0.746165     0.472074        0.858001        0.685209     0.729381      0.667186    
84      0.560604     0.677809     0.698283       0.779554   0.699225     0.573175     0.750657     0.746165     0.472074        0.858001        0.685209     0.729381      0.667186    
85      0.564234     0.673386     0.698283       0.780356   0.699225     0.573175     0.750657     0.746165     0.472074        0.858001        0.685209     0.729381      0.667186    
86      0.561814     0.672536     0.698283       0.781747   0.699225     0.573175     0.750657     0.746165     0.472074        0.858001        0.685209     0.729381      0.667186    
87      0.562373     0.675257     0.698283       0.782500   0.699225     0.573175     0.750657     0.746165     0.472074        0.858001        0.685209     0.729381      0.667186    
88      0.560680     0.669984     0.698283       0.782777   0.699225     0.573175     0.750657     0.746165     0.472074        0.858001        0.685209     0.729381      0.667186    
89      0.560450     0.671940     0.698283       0.784318   0.699225     0.573175     0.750657     0.746165     0.472074        0.858001        0.685209     0.729381      0.667186    
============================================================================================================================================

STATISTICHE FINALI:
============================================================

🔹 LOSS:
   Epoche disponibili  : 89
   Valore iniziale     : 1.513027 
   Valore finale       : 0.560450 
   Valore minimo       : 0.556121 
   Valore massimo      : 1.513027 
   Valore medio        : 0.606229 
   Miglioramento       : -0.952578 📉

🔹 ACCURACY:
   Epoche disponibili  : 89
   Valore iniziale     : 0.601684 
   Valore finale       : 0.671940 
   Valore minimo       : 0.568938 
   Valore massimo      : 0.686740 
   Valore medio        : 0.637588 
   Miglioramento       : 0.070256  📈

🔹 BALANCEDACC:
   Epoche disponibili  : 89
   Valore iniziale     : 0.698283 
   Valore finale       : 0.698283 
   Valore minimo       : 0.698283 
   Valore massimo      : 0.698283 
   Valore medio        : 0.698283 
   Miglioramento       : 0.000000  

🔹 AUC:
   Epoche disponibili  : 89
   Valore iniziale     : 0.574957 
   Valore finale       : 0.784318 
   Valore minimo       : 0.574957 
   Valore massimo      : 0.784318 
   Valore medio        : 0.751746 
   Miglioramento       : 0.209361  📈

🔹 F1_SCORE:
   Epoche disponibili  : 89
   Valore iniziale     : 0.699225 
   Valore finale       : 0.699225 
   Valore minimo       : 0.699225 
   Valore massimo      : 0.699225 
   Valore medio        : 0.699225 
   Miglioramento       : 0.000000  

🔹 F1_NATURAL:
   Epoche disponibili  : 89
   Valore iniziale     : 0.573175 
   Valore finale       : 0.573175 
   Valore minimo       : 0.573175 
   Valore massimo      : 0.573175 
   Valore medio        : 0.573175 
   Miglioramento       : 0.000000  

🔹 F1_ATTACK:
   Epoche disponibili  : 89
   Valore iniziale     : 0.750657 
   Valore finale       : 0.750657 
   Valore minimo       : 0.750657 
   Valore massimo      : 0.750657 
   Valore medio        : 0.750657 
   Miglioramento       : 0.000000  

🔹 PRECISION:
   Epoche disponibili  : 89
   Valore iniziale     : 0.746165 
   Valore finale       : 0.746165 
   Valore minimo       : 0.746165 
   Valore massimo      : 0.746165 
   Valore medio        : 0.746165 
   Miglioramento       : 0.000000  

🔹 PRECISION_NAT:
   Epoche disponibili  : 89
   Valore iniziale     : 0.472074 
   Valore finale       : 0.472074 
   Valore minimo       : 0.472074 
   Valore massimo      : 0.472074 
   Valore medio        : 0.472074 
   Miglioramento       : 0.000000  

🔹 PRECISION_ATT:
   Epoche disponibili  : 89
   Valore iniziale     : 0.858001 
   Valore finale       : 0.858001 
   Valore minimo       : 0.858001 
   Valore massimo      : 0.858001 
   Valore medio        : 0.858001 
   Miglioramento       : 0.000000  

🔹 RECALL:
   Epoche disponibili  : 89
   Valore iniziale     : 0.685209 
   Valore finale       : 0.685209 
   Valore minimo       : 0.685209 
   Valore massimo      : 0.685209 
   Valore medio        : 0.685209 
   Miglioramento       : 0.000000  

🔹 RECALL_NAT:
   Epoche disponibili  : 89
   Valore iniziale     : 0.729381 
   Valore finale       : 0.729381 
   Valore minimo       : 0.729381 
   Valore massimo      : 0.729381 
   Valore medio        : 0.729381 
   Miglioramento       : 0.000000  

🔹 RECALL_ATT:
   Epoche disponibili  : 89
   Valore iniziale     : 0.667186 
   Valore finale       : 0.667186 
   Valore minimo       : 0.667186 
   Valore massimo      : 0.667186 
   Valore medio        : 0.667186 
   Miglioramento       : 0.000000  


MATRICE DI CONFUSIONE SUL VALIDATION SET:
----------------------------------------
tp: 5571  fp: 922   fn: 2779  tn: 2485 


METRICHE TEST FINALI (Valutazione indipendente):
============================================================
  Loss (test): 0.557734
  Accuracy (test): 0.679510
  F1-Score (test): 0.746468
  Balanced Accuracy (test): 0.690535
  Precision (test): 0.851812
  Recall (test): 0.664311
  AUC (test): 0.778909

  METRICHE PER CLASSE (TEST):
    Natural - Precision: 0.465586, Recall: 0.716760, F1: 0.564494, Support: 3407.0
    Attack  - Precision: 0.851812, Recall: 0.664311, F1: 0.746468, Support: 8350.0

  MATRICE DI CONFUSIONE SUL TEST SET:
    TP: 5547, FP: 965, FN: 2803, TN: 2442


FEATURE IMPORTANCE PRIMA DELLA PCA (RandomForest):
------------------------------------------------------------
Feature                   Importance  
----------------------------------------
R4-PM2:V                  0.019663
R1-PM2:V                  0.019521
R3-PM2:V                  0.019314
R4-PM7:V                  0.017015
R2-PA:ZH                  0.015685
R3-PA:ZH                  0.015596
R4-PA:ZH                  0.015114
R1-PM5:I                  0.014625
R1-PA:ZH                  0.014368
R2-PM1:V                  0.014219
R3-PM5:I                  0.014212
R4-PM5:I                  0.014084
R2-PM5:I                  0.013971
R4-PM3:V                  0.013278
R2-PM7:V                  0.013077
R1-PA3:VH                 0.013022
R4-PM1:V                  0.012784
R1-PA2:VH                 0.012630
R2-PA:Z                   0.012558
R4-PA3:VH                 0.012389

FEATURE IMPORTANCE DOPO LA PCA (RandomForest):
------------------------------------------------------------
PCA_Component             Importance  
----------------------------------------
F63                       0.038709
F58                       0.024327
F65                       0.018642
F18                       0.018236
F10                       0.017920
F1                        0.017380
F44                       0.017313
F16                       0.016991
F57                       0.016899
F4                        0.016568
F62                       0.016191
F14                       0.016106
F2                        0.016080
F12                       0.016016
F68                       0.015914
F51                       0.015906
F6                        0.015623
F61                       0.015045
F9                        0.014965
F34                       0.014954
