RESOCONTO ADDESTRAMENTO CENTRALIZZATO SMARTGRID
Epoche totali: 72

TABELLA RIASSUNTIVA METRICHE:
============================================================================================================================================
Epoch   Loss         Accuracy     BalancedAcc    AUC        F1_Score     F1_Natural   F1_Attack    Precision    Precision_Nat   Precision_Att   Recall       Recall_Nat    Recall_Att  
--------------------------------------------------------------------------------------------------------------------------------------------
1       1.507429     0.617930     0.693725       0.580532   0.695195     0.568106     0.747050     0.742623     0.467412        0.854916        0.680956     0.724097      0.663353    
2       1.061900     0.599558     0.693725       0.605099   0.695195     0.568106     0.747050     0.742623     0.467412        0.854916        0.680956     0.724097      0.663353    
3       0.838468     0.625160     0.693725       0.643837   0.695195     0.568106     0.747050     0.742623     0.467412        0.854916        0.680956     0.724097      0.663353    
4       0.734716     0.626605     0.693725       0.707204   0.695195     0.568106     0.747050     0.742623     0.467412        0.854916        0.680956     0.724097      0.663353    
5       0.673749     0.628222     0.693725       0.715051   0.695195     0.568106     0.747050     0.742623     0.467412        0.854916        0.680956     0.724097      0.663353    
6       0.652166     0.616654     0.693725       0.720318   0.695195     0.568106     0.747050     0.742623     0.467412        0.854916        0.680956     0.724097      0.663353    
7       0.640929     0.609764     0.693725       0.722938   0.695195     0.568106     0.747050     0.742623     0.467412        0.854916        0.680956     0.724097      0.663353    
8       0.630399     0.596581     0.693725       0.729076   0.695195     0.568106     0.747050     0.742623     0.467412        0.854916        0.680956     0.724097      0.663353    
9       0.622160     0.589436     0.693725       0.728643   0.695195     0.568106     0.747050     0.742623     0.467412        0.854916        0.680956     0.724097      0.663353    
10      0.614027     0.587990     0.693725       0.729695   0.695195     0.568106     0.747050     0.742623     0.467412        0.854916        0.680956     0.724097      0.663353    
11      0.612347     0.593604     0.693725       0.734245   0.695195     0.568106     0.747050     0.742623     0.467412        0.854916        0.680956     0.724097      0.663353    
12      0.611738     0.609849     0.693725       0.732092   0.695195     0.568106     0.747050     0.742623     0.467412        0.854916        0.680956     0.724097      0.663353    
13      0.610936     0.616484     0.693725       0.731566   0.695195     0.568106     0.747050     0.742623     0.467412        0.854916        0.680956     0.724097      0.663353    
14      0.615862     0.595900     0.693725       0.729254   0.695195     0.568106     0.747050     0.742623     0.467412        0.854916        0.680956     0.724097      0.663353    
15      0.613258     0.593179     0.693725       0.736858   0.695195     0.568106     0.747050     0.742623     0.467412        0.854916        0.680956     0.724097      0.663353    
16      0.610906     0.603640     0.693725       0.740688   0.695195     0.568106     0.747050     0.742623     0.467412        0.854916        0.680956     0.724097      0.663353    
17      0.605487     0.625330     0.693725       0.738492   0.695195     0.568106     0.747050     0.742623     0.467412        0.854916        0.680956     0.724097      0.663353    
18      0.609254     0.599132     0.693725       0.740830   0.695195     0.568106     0.747050     0.742623     0.467412        0.854916        0.680956     0.724097      0.663353    
19      0.607052     0.630178     0.693725       0.737702   0.695195     0.568106     0.747050     0.742623     0.467412        0.854916        0.680956     0.724097      0.663353    
20      0.608164     0.621332     0.693725       0.736208   0.695195     0.568106     0.747050     0.742623     0.467412        0.854916        0.680956     0.724097      0.663353    
21      0.610604     0.599983     0.693725       0.740188   0.695195     0.568106     0.747050     0.742623     0.467412        0.854916        0.680956     0.724097      0.663353    
22      0.599470     0.615293     0.693725       0.742969   0.695195     0.568106     0.747050     0.742623     0.467412        0.854916        0.680956     0.724097      0.663353    
23      0.593071     0.622438     0.693725       0.747504   0.695195     0.568106     0.747050     0.742623     0.467412        0.854916        0.680956     0.724097      0.663353    
24      0.591152     0.619461     0.693725       0.744056   0.695195     0.568106     0.747050     0.742623     0.467412        0.854916        0.680956     0.724097      0.663353    
25      0.596574     0.617419     0.693725       0.745524   0.695195     0.568106     0.747050     0.742623     0.467412        0.854916        0.680956     0.724097      0.663353    
26      0.598300     0.616909     0.693725       0.747365   0.695195     0.568106     0.747050     0.742623     0.467412        0.854916        0.680956     0.724097      0.663353    
27      0.593836     0.628392     0.693725       0.747612   0.695195     0.568106     0.747050     0.742623     0.467412        0.854916        0.680956     0.724097      0.663353    
28      0.599504     0.610955     0.693725       0.749495   0.695195     0.568106     0.747050     0.742623     0.467412        0.854916        0.680956     0.724097      0.663353    
29      0.589030     0.636132     0.693725       0.752881   0.695195     0.568106     0.747050     0.742623     0.467412        0.854916        0.680956     0.724097      0.663353    
30      0.589214     0.634431     0.693725       0.753020   0.695195     0.568106     0.747050     0.742623     0.467412        0.854916        0.680956     0.724097      0.663353    
31      0.589165     0.621757     0.693725       0.753468   0.695195     0.568106     0.747050     0.742623     0.467412        0.854916        0.680956     0.724097      0.663353    
32      0.584462     0.625415     0.693725       0.757146   0.695195     0.568106     0.747050     0.742623     0.467412        0.854916        0.680956     0.724097      0.663353    
33      0.592077     0.625755     0.693725       0.755993   0.695195     0.568106     0.747050     0.742623     0.467412        0.854916        0.680956     0.724097      0.663353    
34      0.580830     0.651357     0.693725       0.753436   0.695195     0.568106     0.747050     0.742623     0.467412        0.854916        0.680956     0.724097      0.663353    
35      0.582815     0.645828     0.693725       0.756489   0.695195     0.568106     0.747050     0.742623     0.467412        0.854916        0.680956     0.724097      0.663353    
36      0.586695     0.627541     0.693725       0.760379   0.695195     0.568106     0.747050     0.742623     0.467412        0.854916        0.680956     0.724097      0.663353    
37      0.583754     0.635196     0.693725       0.759452   0.695195     0.568106     0.747050     0.742623     0.467412        0.854916        0.680956     0.724097      0.663353    
38      0.583820     0.632644     0.693725       0.759302   0.695195     0.568106     0.747050     0.742623     0.467412        0.854916        0.680956     0.724097      0.663353    
39      0.576559     0.652888     0.693725       0.761548   0.695195     0.568106     0.747050     0.742623     0.467412        0.854916        0.680956     0.724097      0.663353    
40      0.573498     0.659862     0.693725       0.764615   0.695195     0.568106     0.747050     0.742623     0.467412        0.854916        0.680956     0.724097      0.663353    
41      0.575469     0.649485     0.693725       0.765189   0.695195     0.568106     0.747050     0.742623     0.467412        0.854916        0.680956     0.724097      0.663353    
42      0.583630     0.626265     0.693725       0.765744   0.695195     0.568106     0.747050     0.742623     0.467412        0.854916        0.680956     0.724097      0.663353    
43      0.575384     0.650846     0.693725       0.766264   0.695195     0.568106     0.747050     0.742623     0.467412        0.854916        0.680956     0.724097      0.663353    
44      0.573563     0.652718     0.693725       0.766392   0.695195     0.568106     0.747050     0.742623     0.467412        0.854916        0.680956     0.724097      0.663353    
45      0.567955     0.660798     0.693725       0.766263   0.695195     0.568106     0.747050     0.742623     0.467412        0.854916        0.680956     0.724097      0.663353    
46      0.569494     0.662754     0.693725       0.768561   0.695195     0.568106     0.747050     0.742623     0.467412        0.854916        0.680956     0.724097      0.663353    
47      0.568089     0.660287     0.693725       0.769401   0.695195     0.568106     0.747050     0.742623     0.467412        0.854916        0.680956     0.724097      0.663353    
48      0.570398     0.652462     0.693725       0.768477   0.695195     0.568106     0.747050     0.742623     0.467412        0.854916        0.680956     0.724097      0.663353    
49      0.566838     0.662499     0.693725       0.769650   0.695195     0.568106     0.747050     0.742623     0.467412        0.854916        0.680956     0.724097      0.663353    
50      0.562911     0.667602     0.693725       0.770732   0.695195     0.568106     0.747050     0.742623     0.467412        0.854916        0.680956     0.724097      0.663353    
51      0.563445     0.672450     0.693725       0.770948   0.695195     0.568106     0.747050     0.742623     0.467412        0.854916        0.680956     0.724097      0.663353    
52      0.567488     0.663605     0.693725       0.771013   0.695195     0.568106     0.747050     0.742623     0.467412        0.854916        0.680956     0.724097      0.663353    
53      0.563507     0.671260     0.693725       0.772725   0.695195     0.568106     0.747050     0.742623     0.467412        0.854916        0.680956     0.724097      0.663353    
54      0.563995     0.663945     0.693725       0.770702   0.695195     0.568106     0.747050     0.742623     0.467412        0.854916        0.680956     0.724097      0.663353    
55      0.559505     0.675853     0.693725       0.773792   0.695195     0.568106     0.747050     0.742623     0.467412        0.854916        0.680956     0.724097      0.663353    
56      0.562514     0.669388     0.693725       0.773796   0.695195     0.568106     0.747050     0.742623     0.467412        0.854916        0.680956     0.724097      0.663353    
57      0.562985     0.672025     0.693725       0.774847   0.695195     0.568106     0.747050     0.742623     0.467412        0.854916        0.680956     0.724097      0.663353    
58      0.566287     0.662754     0.693725       0.774822   0.695195     0.568106     0.747050     0.742623     0.467412        0.854916        0.680956     0.724097      0.663353    
59      0.560931     0.671515     0.693725       0.775590   0.695195     0.568106     0.747050     0.742623     0.467412        0.854916        0.680956     0.724097      0.663353    
60      0.558818     0.672450     0.693725       0.776436   0.695195     0.568106     0.747050     0.742623     0.467412        0.854916        0.680956     0.724097      0.663353    
61      0.557318     0.675853     0.693725       0.777397   0.695195     0.568106     0.747050     0.742623     0.467412        0.854916        0.680956     0.724097      0.663353    
62      0.556649     0.675938     0.693725       0.778044   0.695195     0.568106     0.747050     0.742623     0.467412        0.854916        0.680956     0.724097      0.663353    
63      0.556163     0.676448     0.693725       0.778104   0.695195     0.568106     0.747050     0.742623     0.467412        0.854916        0.680956     0.724097      0.663353    
64      0.553929     0.680956     0.693725       0.778938   0.695195     0.568106     0.747050     0.742623     0.467412        0.854916        0.680956     0.724097      0.663353    
65      0.553077     0.681807     0.693725       0.779171   0.695195     0.568106     0.747050     0.742623     0.467412        0.854916        0.680956     0.724097      0.663353    
66      0.556359     0.676023     0.693725       0.781139   0.695195     0.568106     0.747050     0.742623     0.467412        0.854916        0.680956     0.724097      0.663353    
67      0.556624     0.676788     0.693725       0.780816   0.695195     0.568106     0.747050     0.742623     0.467412        0.854916        0.680956     0.724097      0.663353    
68      0.554392     0.677128     0.693725       0.782219   0.695195     0.568106     0.747050     0.742623     0.467412        0.854916        0.680956     0.724097      0.663353    
69      0.554860     0.680020     0.693725       0.781100   0.695195     0.568106     0.747050     0.742623     0.467412        0.854916        0.680956     0.724097      0.663353    
70      0.554078     0.682827     0.693725       0.782302   0.695195     0.568106     0.747050     0.742623     0.467412        0.854916        0.680956     0.724097      0.663353    
71      0.555863     0.678234     0.693725       0.782911   0.695195     0.568106     0.747050     0.742623     0.467412        0.854916        0.680956     0.724097      0.663353    
72      0.555141     0.676193     0.693725       0.782724   0.695195     0.568106     0.747050     0.742623     0.467412        0.854916        0.680956     0.724097      0.663353    
============================================================================================================================================

STATISTICHE FINALI:
============================================================

🔹 LOSS:
   Epoche disponibili  : 72
   Valore iniziale     : 1.507429 
   Valore finale       : 0.555141 
   Valore minimo       : 0.553077 
   Valore massimo      : 1.507429 
   Valore medio        : 0.609487 
   Miglioramento       : -0.952288 📉

🔹 ACCURACY:
   Epoche disponibili  : 72
   Valore iniziale     : 0.617930 
   Valore finale       : 0.676193 
   Valore minimo       : 0.587990 
   Valore massimo      : 0.682827 
   Valore medio        : 0.640908 
   Miglioramento       : 0.058263  📈

🔹 BALANCEDACC:
   Epoche disponibili  : 72
   Valore iniziale     : 0.693725 
   Valore finale       : 0.693725 
   Valore minimo       : 0.693725 
   Valore massimo      : 0.693725 
   Valore medio        : 0.693725 
   Miglioramento       : 0.000000  

🔹 AUC:
   Epoche disponibili  : 72
   Valore iniziale     : 0.580532 
   Valore finale       : 0.782724 
   Valore minimo       : 0.580532 
   Valore massimo      : 0.782911 
   Valore medio        : 0.750958 
   Miglioramento       : 0.202193  📈

🔹 F1_SCORE:
   Epoche disponibili  : 72
   Valore iniziale     : 0.695195 
   Valore finale       : 0.695195 
   Valore minimo       : 0.695195 
   Valore massimo      : 0.695195 
   Valore medio        : 0.695195 
   Miglioramento       : 0.000000  

🔹 F1_NATURAL:
   Epoche disponibili  : 72
   Valore iniziale     : 0.568106 
   Valore finale       : 0.568106 
   Valore minimo       : 0.568106 
   Valore massimo      : 0.568106 
   Valore medio        : 0.568106 
   Miglioramento       : 0.000000  

🔹 F1_ATTACK:
   Epoche disponibili  : 72
   Valore iniziale     : 0.747050 
   Valore finale       : 0.747050 
   Valore minimo       : 0.747050 
   Valore massimo      : 0.747050 
   Valore medio        : 0.747050 
   Miglioramento       : 0.000000  

🔹 PRECISION:
   Epoche disponibili  : 72
   Valore iniziale     : 0.742623 
   Valore finale       : 0.742623 
   Valore minimo       : 0.742623 
   Valore massimo      : 0.742623 
   Valore medio        : 0.742623 
   Miglioramento       : 0.000000  

🔹 PRECISION_NAT:
   Epoche disponibili  : 72
   Valore iniziale     : 0.467412 
   Valore finale       : 0.467412 
   Valore minimo       : 0.467412 
   Valore massimo      : 0.467412 
   Valore medio        : 0.467412 
   Miglioramento       : 0.000000  

🔹 PRECISION_ATT:
   Epoche disponibili  : 72
   Valore iniziale     : 0.854916 
   Valore finale       : 0.854916 
   Valore minimo       : 0.854916 
   Valore massimo      : 0.854916 
   Valore medio        : 0.854916 
   Miglioramento       : 0.000000  

🔹 RECALL:
   Epoche disponibili  : 72
   Valore iniziale     : 0.680956 
   Valore finale       : 0.680956 
   Valore minimo       : 0.680956 
   Valore massimo      : 0.680956 
   Valore medio        : 0.680956 
   Miglioramento       : 0.000000  

🔹 RECALL_NAT:
   Epoche disponibili  : 72
   Valore iniziale     : 0.724097 
   Valore finale       : 0.724097 
   Valore minimo       : 0.724097 
   Valore massimo      : 0.724097 
   Valore medio        : 0.724097 
   Miglioramento       : 0.000000  

🔹 RECALL_ATT:
   Epoche disponibili  : 72
   Valore iniziale     : 0.663353 
   Valore finale       : 0.663353 
   Valore minimo       : 0.663353 
   Valore massimo      : 0.663353 
   Valore medio        : 0.663353 
   Miglioramento       : 0.000000  


MATRICE DI CONFUSIONE SUL VALIDATION SET:
----------------------------------------
tp: 5539  fp: 940   fn: 2811  tn: 2467 


FEATURE IMPORTANCE PRIMA DELLA PCA (RandomForest):
------------------------------------------------------------
Feature                   Importance  
----------------------------------------
R4-PM2:V                  0.019663
R1-PM2:V                  0.019521
R3-PM2:V                  0.019314
R4-PM7:V                  0.017015
R2-PA:ZH                  0.015685
R3-PA:ZH                  0.015596
R4-PA:ZH                  0.015114
R1-PM5:I                  0.014625
R1-PA:ZH                  0.014368
R2-PM1:V                  0.014219
R3-PM5:I                  0.014212
R4-PM5:I                  0.014084
R2-PM5:I                  0.013971
R4-PM3:V                  0.013278
R2-PM7:V                  0.013077
R1-PA3:VH                 0.013022
R4-PM1:V                  0.012784
R1-PA2:VH                 0.012630
R2-PA:Z                   0.012558
R4-PA3:VH                 0.012389

FEATURE IMPORTANCE DOPO LA PCA (RandomForest):
------------------------------------------------------------
PCA_Component             Importance  
----------------------------------------
F63                       0.038789
F58                       0.024427
F65                       0.018840
F18                       0.018320
F10                       0.017943
F1                        0.017508
F44                       0.017276
F16                       0.016948
F57                       0.016745
F4                        0.016667
F62                       0.016184
F2                        0.016089
F51                       0.015952
F14                       0.015950
F12                       0.015870
F68                       0.015852
F6                        0.015644
F34                       0.015056
F9                        0.014954
F61                       0.014942
