RESOCONTO ADDESTRAMENTO FEDERATO RANDOM FOREST SMARTGRID
Rounds totali: 50

TABELLA RIASSUNTIVA METRICHE:
============================================================================================================================================
Round   Loss         Accuracy     BalancedAcc    AUC        F1_Score     F1_Natural   F1_Attack    Precision    Precision_Nat   Precision_Att   Recall       Recall_Nat    Recall_Att  
--------------------------------------------------------------------------------------------------------------------------------------------
2       0.219009     0.780991     0.506264       0.590869   0.876555     0.030277     0.876555     0.782079     0.593220        0.782079        0.996994     0.015535      0.996994    
3       0.217935     0.782065     0.512529       0.611179   0.876761     0.059047     0.876761     0.784267     0.593220        0.784267        0.993988     0.031070      0.993988    
4       0.218716     0.781284     0.510913       0.615317   0.876360     0.053277     0.876360     0.783704     0.562500        0.783704        0.993863     0.027963      0.993863    
5       0.218228     0.781772     0.512022       0.613621   0.876602     0.057384     0.876602     0.784091     0.581197        0.784091        0.993863     0.030182      0.993863    
6       0.218228     0.781772     0.512022       0.614754   0.876602     0.057384     0.876602     0.784091     0.581197        0.784091        0.993863     0.030182      0.993863    
7       0.218716     0.781284     0.511072       0.611138   0.876346     0.054077     0.876346     0.783760     0.561404        0.783760        0.993737     0.028407      0.993737    
8       0.218326     0.781674     0.512119       0.611555   0.876526     0.058154     0.876526     0.784126     0.575000        0.784126        0.993612     0.030626      0.993612    
9       0.219107     0.780893     0.510662       0.612147   0.876112     0.053187     0.876112     0.783618     0.543103        0.783618        0.993362     0.027963      0.993362    
10      0.218716     0.781284     0.511391       0.612464   0.876319     0.055673     0.876319     0.783872     0.559322        0.783872        0.993487     0.029294      0.993487    
11      0.219303     0.780697     0.509900       0.611149   0.876042     0.049937     0.876042     0.783351     0.536364        0.783351        0.993612     0.026187      0.993612    
12      0.217935     0.782065     0.512847       0.611826   0.876734     0.060632     0.876734     0.784380     0.590164        0.784380        0.993737     0.031957      0.993737    
13      0.219009     0.780991     0.510725       0.611637   0.876174     0.053209     0.876174     0.783640     0.547826        0.783640        0.993487     0.027963      0.993487    
14      0.218814     0.781186     0.510691       0.616152   0.876311     0.052453     0.876311     0.783626     0.558559        0.783626        0.993863     0.027519      0.993863    
15      0.218326     0.781674     0.512756       0.611514   0.876472     0.061319     0.876472     0.784351     0.570312        0.784351        0.993111     0.032401      0.993111    
16      0.218130     0.781870     0.512563       0.610946   0.876623     0.059789     0.876623     0.784281     0.581967        0.784281        0.993612     0.031514      0.993612    
17      0.218228     0.781772     0.511544       0.613564   0.876643     0.054992     0.876643     0.783923     0.585586        0.783923        0.994238     0.028850      0.994238    
18      0.218130     0.781870     0.512085       0.613247   0.876664     0.057408     0.876664     0.784112     0.586207        0.784112        0.993988     0.030182      0.993988    
19      0.218228     0.781772     0.512660       0.613989   0.876547     0.060555     0.876547     0.784316     0.576000        0.784316        0.993362     0.031957      0.993362    
20      0.218326     0.781674     0.512119       0.608725   0.876526     0.058154     0.876526     0.784126     0.575000        0.784126        0.993612     0.030626      0.993612    
21      0.218912     0.781088     0.510628       0.614448   0.876249     0.052431     0.876249     0.783605     0.553571        0.783605        0.993737     0.027519      0.993737    
22      0.218814     0.781186     0.511328       0.609230   0.876257     0.055649     0.876257     0.783851     0.554622        0.783851        0.993362     0.029294      0.993362    
23      0.218814     0.781186     0.510691       0.612906   0.876311     0.052453     0.876311     0.783626     0.558559        0.783626        0.993863     0.027519      0.993863    
24      0.219303     0.780697     0.509263       0.615228   0.876097     0.046709     0.876097     0.783128     0.539216        0.783128        0.994113     0.024412      0.994113    
25      0.218619     0.781381     0.511135       0.613807   0.876408     0.054100     0.876408     0.783781     0.566372        0.783781        0.993863     0.028407      0.993863    
26      0.218814     0.781186     0.510691       0.616152   0.876311     0.052453     0.876311     0.783626     0.558559        0.783626        0.993863     0.027519      0.993863    
27      0.219107     0.780893     0.511459       0.614596   0.876043     0.057167     0.876043     0.783899     0.539683        0.783899        0.992735     0.030182      0.992735    
28      0.218033     0.781967     0.512466       0.615092   0.876699     0.059022     0.876699     0.784246     0.588235        0.784246        0.993863     0.031070      0.993863    
29      0.219107     0.780893     0.510503       0.616715   0.876125     0.052387     0.876125     0.783562     0.543860        0.783562        0.993487     0.027519      0.993487    
30      0.219107     0.780893     0.510025       0.612326   0.876166     0.049979     0.876166     0.783394     0.546296        0.783394        0.993863     0.026187      0.993863    
31      0.217935     0.782065     0.512529       0.613471   0.876761     0.059047     0.876761     0.784267     0.593220        0.784267        0.993988     0.031070      0.993988    
32      0.218716     0.781284     0.510913       0.615317   0.876360     0.053277     0.876360     0.783704     0.562500        0.783704        0.993863     0.027963      0.993863    
33      0.218423     0.781577     0.511260       0.611125   0.876532     0.054146     0.876532     0.783824     0.576577        0.783824        0.994113     0.028407      0.994113    
34      0.217642     0.782358     0.513195       0.613907   0.876906     0.061500     0.876906     0.784500     0.603306        0.784500        0.993988     0.032401      0.993988    
35      0.219009     0.780991     0.510884       0.610330   0.876160     0.054008     0.876160     0.783696     0.547009        0.783696        0.993362     0.028407      0.993362    
36      0.218228     0.781772     0.512022       0.610646   0.876602     0.057384     0.876602     0.784091     0.581197        0.784091        0.993863     0.030182      0.993863    
37      0.219009     0.780991     0.510088       0.611330   0.876228     0.050000     0.876228     0.783416     0.551402        0.783416        0.993988     0.026187      0.993988    
38      0.218521     0.781479     0.511197       0.613014   0.876470     0.054123     0.876470     0.783802     0.571429        0.783802        0.993988     0.028407      0.993988    
39      0.217935     0.782065     0.512529       0.616210   0.876761     0.059047     0.876761     0.784267     0.593220        0.784267        0.993988     0.031070      0.993988    
40      0.218716     0.781284     0.510753       0.610960   0.876373     0.052476     0.876373     0.783648     0.563636        0.783648        0.993988     0.027519      0.993988    
41      0.218619     0.781381     0.511931       0.610411   0.876340     0.058081     0.876340     0.784062     0.560976        0.784062        0.993236     0.030626      0.993236    
42      0.218423     0.781577     0.511897       0.615390   0.876478     0.057336     0.876478     0.784048     0.571429        0.784048        0.993612     0.030182      0.993612    
43      0.219009     0.780991     0.510088       0.613761   0.876228     0.050000     0.876228     0.783416     0.551402        0.783416        0.993988     0.026187      0.993988    
44      0.218033     0.781967     0.512466       0.614226   0.876699     0.059022     0.876699     0.784246     0.588235        0.784246        0.993863     0.031070      0.993863    
45      0.218130     0.781870     0.512244       0.613718   0.876650     0.058203     0.876650     0.784168     0.584746        0.784168        0.993863     0.030626      0.993863    
46      0.218716     0.781284     0.510913       0.616381   0.876360     0.053277     0.876360     0.783704     0.562500        0.783704        0.993863     0.027963      0.993863    
47      0.218814     0.781186     0.510531       0.613231   0.876325     0.051651     0.876325     0.783570     0.559633        0.783570        0.993988     0.027075      0.993988    
48      0.217935     0.782065     0.512688       0.613066   0.876747     0.059840     0.876747     0.784323     0.591667        0.784323        0.993863     0.031514      0.993863    
49      0.217642     0.782358     0.513035       0.615023   0.876920     0.060708     0.876920     0.784444     0.605042        0.784444        0.994113     0.031957      0.994113    
50      0.219009     0.780991     0.510725       0.609784   0.876174     0.053209     0.876174     0.783640     0.547826        0.783640        0.993487     0.027963      0.993487    
51      0.218423     0.781577     0.511260       0.617192   0.876532     0.054146     0.876532     0.783824     0.576577        0.783824        0.994113     0.028407      0.994113    
============================================================================================================================================

MATRICE DI CONFUSIONE SUL VALIDATION SET:
----------------------------------------
tp: 7937  fp: 2189  fn: 47    tn: 64   


STATISTICHE FINALI:
============================================================

🔹 LOSS:
   Rounds disponibili  : 50
   Valore iniziale     : 0.219009 
   Valore finale       : 0.218423 
   Valore minimo       : 0.217642 
   Valore massimo      : 0.219303 
   Valore medio        : 0.218539 
   Miglioramento       : -0.000586 📉

🔹 ACCURACY:
   Rounds disponibili  : 50
   Valore iniziale     : 0.780991 
   Valore finale       : 0.781577 
   Valore minimo       : 0.780697 
   Valore massimo      : 0.782358 
   Valore medio        : 0.781461 
   Miglioramento       : 0.000586  📈

🔹 BALANCEDACC:
   Rounds disponibili  : 50
   Valore iniziale     : 0.506264 
   Valore finale       : 0.511260 
   Valore minimo       : 0.506264 
   Valore massimo      : 0.513195 
   Valore medio        : 0.511364 
   Miglioramento       : 0.004995  📈

🔹 AUC:
   Rounds disponibili  : 50
   Valore iniziale     : 0.590869 
   Valore finale       : 0.617192 
   Valore minimo       : 0.590869 
   Valore massimo      : 0.617192 
   Valore medio        : 0.612696 
   Miglioramento       : 0.026323  📈

🔹 F1_SCORE:
   Rounds disponibili  : 50
   Valore iniziale     : 0.876555 
   Valore finale       : 0.876532 
   Valore minimo       : 0.876042 
   Valore massimo      : 0.876920 
   Valore medio        : 0.876444 
   Miglioramento       : -0.000023 📉

🔹 F1_NATURAL:
   Rounds disponibili  : 50
   Valore iniziale     : 0.030277 
   Valore finale       : 0.054146 
   Valore minimo       : 0.030277 
   Valore massimo      : 0.061500 
   Valore medio        : 0.054995 
   Miglioramento       : 0.023869  📈

🔹 F1_ATTACK:
   Rounds disponibili  : 50
   Valore iniziale     : 0.876555 
   Valore finale       : 0.876532 
   Valore minimo       : 0.876042 
   Valore massimo      : 0.876920 
   Valore medio        : 0.876444 
   Miglioramento       : -0.000023 📉

🔹 PRECISION:
   Rounds disponibili  : 50
   Valore iniziale     : 0.782079 
   Valore finale       : 0.783824 
   Valore minimo       : 0.782079 
   Valore massimo      : 0.784500 
   Valore medio        : 0.783862 
   Miglioramento       : 0.001745  📈

🔹 PRECISION_NAT:
   Rounds disponibili  : 50
   Valore iniziale     : 0.593220 
   Valore finale       : 0.576577 
   Valore minimo       : 0.536364 
   Valore massimo      : 0.605042 
   Valore medio        : 0.569013 
   Miglioramento       : -0.016644 📉

🔹 PRECISION_ATT:
   Rounds disponibili  : 50
   Valore iniziale     : 0.782079 
   Valore finale       : 0.783824 
   Valore minimo       : 0.782079 
   Valore massimo      : 0.784500 
   Valore medio        : 0.783862 
   Miglioramento       : 0.001745  📈

🔹 RECALL:
   Rounds disponibili  : 50
   Valore iniziale     : 0.996994 
   Valore finale       : 0.994113 
   Valore minimo       : 0.992735 
   Valore massimo      : 0.996994 
   Valore medio        : 0.993825 
   Miglioramento       : -0.002881 📉

🔹 RECALL_NAT:
   Rounds disponibili  : 50
   Valore iniziale     : 0.015535 
   Valore finale       : 0.028407 
   Valore minimo       : 0.015535 
   Valore massimo      : 0.032401 
   Valore medio        : 0.028904 
   Miglioramento       : 0.012872  📈

🔹 RECALL_ATT:
   Rounds disponibili  : 50
   Valore iniziale     : 0.996994 
   Valore finale       : 0.994113 
   Valore minimo       : 0.992735 
   Valore massimo      : 0.996994 
   Valore medio        : 0.993825 
   Miglioramento       : -0.002881 📉

