RESOCONTO ADDESTRAMENTO FEDERATO SMARTGRID
Rounds totali: 51

TABELLA RIASSUNTIVA METRICHE:
============================================================================================================================================
Round   Loss         Accuracy     BalancedAcc    AUC        F1_Score     F1_Natural   F1_Attack    Precision    Precision_Nat   Precision_Att   Recall       Recall_Nat    Recall_Att  
--------------------------------------------------------------------------------------------------------------------------------------------
1       35080.222656  0.309306     0.500000       0.500000   0.000000     0.472473     0.000000     0.000000     0.309306        0.000000        0.000000     1.000000      0.000000    
2       1.740978     0.690694     0.500000       0.621359   0.817054     0.000000     0.817054     0.690694     0.000000        0.690694        1.000000     0.000000      1.000000    
3       1.424146     0.667404     0.586997       0.649029   0.768178     0.411645     0.768178     0.740655     0.454511        0.740655        0.797826     0.376167      0.797826    
4       1.362925     0.665768     0.569920       0.660333   0.772426     0.370947     0.772426     0.729095     0.443866        0.729095        0.821235     0.318606      0.821234    
5       1.326355     0.680974     0.516587       0.647000   0.804043     0.142303     0.804043     0.698255     0.422427        0.698255        0.947610     0.085563      0.947610    
6       1.344820     0.637571     0.534475       0.643001   0.754145     0.310761     0.754145     0.709495     0.377333        0.709495        0.804793     0.264157      0.804793    
7       1.344300     0.633048     0.562297       0.647170   0.737884     0.388452     0.737884     0.728223     0.400861        0.728223        0.747805     0.376789      0.747805    
8       1.350973     0.615533     0.596606       0.652402   0.698968     0.468113     0.698968     0.761076     0.409123        0.761076        0.646231     0.546982      0.646231    
9       1.351751     0.606679     0.595953       0.654853   0.686700     0.471759     0.686700     0.763292     0.403493        0.763292        0.624077     0.567828      0.624077    
10      1.353272     0.602059     0.596732       0.654169   0.679482     0.475320     0.679482     0.765723     0.401328        0.765723        0.610701     0.582763      0.610701    
11      1.352540     0.603407     0.596934       0.654142   0.681358     0.474965     0.681358     0.765462     0.402157        0.765462        0.613906     0.579963      0.613906    
12      1.352883     0.600231     0.597040       0.653949   0.676580     0.476694     0.676581     0.766720     0.400508        0.766720        0.605406     0.588675      0.605406    
13      1.352414     0.602348     0.598058       0.654188   0.679143     0.477227     0.679143     0.767058     0.402132        0.767058        0.609308     0.586808      0.609308    
14      1.351618     0.603696     0.596799       0.654608   0.681860     0.474611     0.681860     0.765216     0.402249        0.765216        0.614881     0.578718      0.614881    
15      1.351566     0.602733     0.597563       0.654113   0.680000     0.476275     0.680000     0.766381     0.402099        0.766381        0.611119     0.584007      0.611119    
16      1.350221     0.608026     0.597529       0.654169   0.687773     0.473569     0.687773     0.764485     0.405041        0.764485        0.625052     0.570006      0.625052    
17      1.351479     0.601578     0.596641       0.654340   0.678821     0.475418     0.678821     0.765797     0.401026        0.765797        0.609586     0.583696      0.609586    
18      1.350506     0.600520     0.595617       0.652687   0.677842     0.474357     0.677842     0.765067     0.399957        0.765067        0.608472     0.582763      0.608472    
19      1.350108     0.602252     0.596528       0.652765   0.679885     0.474908     0.679885     0.765434     0.401331        0.765434        0.611537     0.581518      0.611537    
20      1.350137     0.601482     0.596142       0.653998   0.678967     0.474692     0.678967     0.765292     0.400728        0.765292        0.610144     0.582141      0.610144    
21      1.349345     0.603118     0.596296       0.653460   0.681298     0.474114     0.681298     0.764879     0.401685        0.764879        0.614184     0.578407      0.614184    
22      1.349406     0.600327     0.595478       0.653262   0.677637     0.474237     0.677637     0.764984     0.399787        0.764984        0.608193     0.582763      0.608193    
23      1.348276     0.601771     0.596007       0.653255   0.679473     0.474339     0.679473     0.765044     0.400816        0.765044        0.611119     0.580896      0.611119    
24      1.348296     0.602733     0.595845       0.653510   0.680989     0.473604     0.680989     0.764532     0.401253        0.764532        0.613906     0.577785      0.613906    
25      1.349138     0.599365     0.596327       0.654005   0.675703     0.476023     0.675703     0.766254     0.399704        0.766254        0.604291     0.588363      0.604291    
26      1.347750     0.601097     0.595090       0.652977   0.679006     0.473249     0.679006     0.764296     0.400000        0.764296        0.610840     0.579340      0.610840    
27      1.347458     0.602541     0.595620       0.653024   0.680835     0.473349     0.680835     0.764359     0.401037        0.764359        0.613766     0.577474      0.613766    
28      1.348232     0.597440     0.593989       0.653025   0.674196     0.473373     0.674196     0.764394     0.397547        0.764394        0.603037     0.584941      0.603037    
29      1.346386     0.604754     0.596449       0.652412   0.683614     0.473529     0.683615     0.764473     0.402660        0.764473        0.618225     0.574673      0.618225    
30      1.346476     0.602444     0.595722       0.652158   0.680634     0.473557     0.680634     0.764502     0.401036        0.764502        0.613348     0.578096      0.613348    
31      1.346353     0.602252     0.595239       0.651534   0.680627     0.472899     0.680627     0.764053     0.400692        0.764053        0.613627     0.576851      0.613627    
32      1.348232     0.595323     0.595205       0.652045   0.670274     0.476274     0.670274     0.766499     0.397092        0.766499        0.595513     0.594897      0.595513    
33      1.345913     0.603311     0.595490       0.651912   0.682043     0.472755     0.682043     0.763954     0.401390        0.763954        0.615996     0.574984      0.615996    
34      1.347297     0.598787     0.595222       0.653473   0.675488     0.474606     0.675488     0.765256     0.398856        0.765256        0.604570     0.585874      0.604570    
35      1.345559     0.603696     0.595855       0.652603   0.682400     0.473132     0.682400     0.764208     0.401782        0.764208        0.616414     0.575296      0.616414    
36      1.344953     0.604080     0.595790       0.652675   0.683002     0.472834     0.683002     0.764006     0.401961        0.764006        0.617528     0.574051      0.617528    
37      1.344028     0.606871     0.596693       0.652832   0.686565     0.472835     0.686565     0.764003     0.403969        0.764003        0.623380     0.570006      0.623380    
38      1.345676     0.600616     0.595257       0.652306   0.678195     0.473751     0.678195     0.764644     0.399829        0.764644        0.609308     0.581207      0.609308    
39      1.343310     0.606871     0.596092       0.652736   0.686901     0.471881     0.686901     0.763373     0.403672        0.763373        0.624356     0.567828      0.624356    
40      1.345012     0.598595     0.595512       0.653276   0.675029     0.475148     0.675029     0.765642     0.398901        0.765642        0.603595     0.587430      0.603595    
41      1.344003     0.603118     0.596124       0.654469   0.681397     0.473845     0.681397     0.764696     0.401600        0.764696        0.614463     0.577785      0.614463    
42      1.344395     0.598787     0.596339       0.653642   0.674830     0.476322     0.674830     0.766478     0.399410        0.766478        0.602759     0.589919      0.602759    
43      1.342476     0.605813     0.596614       0.653718   0.685068     0.473251     0.685068     0.764282     0.403332        0.764282        0.620733     0.572495      0.620733    
44      1.343092     0.602829     0.596344       0.653319   0.680844     0.474334     0.680844     0.765033     0.401553        0.765033        0.613348     0.579340      0.613348    
45      1.343302     0.601674     0.596196       0.653476   0.679222     0.474680     0.679222     0.765281     0.400857        0.765281        0.610561     0.581829      0.610562    
46      1.343264     0.597248     0.594365       0.653338   0.673684     0.474048     0.673684     0.764873     0.397639        0.764873        0.601923     0.586808      0.601923    
47      1.343238     0.598499     0.595271       0.652929   0.675027     0.474824     0.675027     0.765412     0.398732        0.765412        0.603734     0.586808      0.603734    
48      1.343731     0.597440     0.599143       0.654486   0.671122     0.481210     0.671122     0.770119     0.400082        0.770119        0.594677     0.603609      0.594677    
49      1.342476     0.600905     0.597614       0.653927   0.677251     0.477247     0.677251     0.767102     0.401144        0.767102        0.606242     0.588986      0.606242    
50      1.341706     0.602926     0.596672       0.653740   0.680798     0.474796     0.680798     0.765351     0.401766        0.765350        0.613070     0.580274      0.613070    
51      1.341611     0.602637     0.596720       0.653841   0.680344     0.475016     0.680344     0.765505     0.401634        0.765505        0.612234     0.581207      0.612234    
============================================================================================================================================

MATRICE DI CONFUSIONE SUL VALIDATION SET:
----------------------------------------
tp: 4394  fp: 1346  fn: 2783  tn: 1868 


STATISTICHE FINALI:
============================================================

🔹 LOSS:
   Rounds disponibili  : 51
   Valore iniziale     : 35080.222656
   Valore finale       : 1.341611 
   Valore minimo       : 1.326355 
   Valore massimo      : 35080.222656
   Valore medio        : 689.177373
   Miglioramento       : -35078.881046 📉

🔹 ACCURACY:
   Rounds disponibili  : 51
   Valore iniziale     : 0.309306 
   Valore finale       : 0.602637 
   Valore minimo       : 0.309306 
   Valore massimo      : 0.690694 
   Valore medio        : 0.603592 
   Miglioramento       : 0.293331  📈

🔹 BALANCEDACC:
   Rounds disponibili  : 51
   Valore iniziale     : 0.500000 
   Valore finale       : 0.596720 
   Valore minimo       : 0.500000 
   Valore massimo      : 0.599143 
   Valore medio        : 0.588294 
   Miglioramento       : 0.096720  📈

🔹 AUC:
   Rounds disponibili  : 51
   Valore iniziale     : 0.500000 
   Valore finale       : 0.653841 
   Valore minimo       : 0.500000 
   Valore massimo      : 0.660333 
   Valore medio        : 0.649326 
   Miglioramento       : 0.153841  📈

🔹 F1_SCORE:
   Rounds disponibili  : 51
   Valore iniziale     : 0.000000 
   Valore finale       : 0.680344 
   Valore minimo       : 0.000000 
   Valore massimo      : 0.817054 
   Valore medio        : 0.677934 
   Miglioramento       : 0.680344  📈

🔹 F1_NATURAL:
   Rounds disponibili  : 51
   Valore iniziale     : 0.472473 
   Valore finale       : 0.475016 
   Valore minimo       : 0.000000 
   Valore massimo      : 0.481210 
   Valore medio        : 0.450383 
   Miglioramento       : 0.002543  📈

🔹 F1_ATTACK:
   Rounds disponibili  : 51
   Valore iniziale     : 0.000000 
   Valore finale       : 0.680344 
   Valore minimo       : 0.000000 
   Valore massimo      : 0.817054 
   Valore medio        : 0.677934 
   Miglioramento       : 0.680344  📈

🔹 PRECISION:
   Rounds disponibili  : 51
   Valore iniziale     : 0.000000 
   Valore finale       : 0.765505 
   Valore minimo       : 0.000000 
   Valore massimo      : 0.770119 
   Valore medio        : 0.744331 
   Miglioramento       : 0.765505  📈

🔹 PRECISION_NAT:
   Rounds disponibili  : 51
   Valore iniziale     : 0.309306 
   Valore finale       : 0.401634 
   Valore minimo       : 0.000000 
   Valore massimo      : 0.454511 
   Valore medio        : 0.393351 
   Miglioramento       : 0.092328  📈

🔹 PRECISION_ATT:
   Rounds disponibili  : 51
   Valore iniziale     : 0.000000 
   Valore finale       : 0.765505 
   Valore minimo       : 0.000000 
   Valore massimo      : 0.770119 
   Valore medio        : 0.744331 
   Miglioramento       : 0.765505  📈

🔹 RECALL:
   Rounds disponibili  : 51
   Valore iniziale     : 0.000000 
   Valore finale       : 0.612234 
   Valore minimo       : 0.000000 
   Valore massimo      : 1.000000 
   Valore medio        : 0.628404 
   Miglioramento       : 0.612234  📈

🔹 RECALL_NAT:
   Rounds disponibili  : 51
   Valore iniziale     : 1.000000 
   Valore finale       : 0.581207 
   Valore minimo       : 0.000000 
   Valore massimo      : 1.000000 
   Valore medio        : 0.548184 
   Miglioramento       : -0.418793 📉

🔹 RECALL_ATT:
   Rounds disponibili  : 51
   Valore iniziale     : 0.000000 
   Valore finale       : 0.612234 
   Valore minimo       : 0.000000 
   Valore massimo      : 1.000000 
   Valore medio        : 0.628404 
   Miglioramento       : 0.612234  📈

