RESOCONTO ADDESTRAMENTO FEDERATO SMARTGRID
Rounds totali: 51

TABELLA RIASSUNTIVA METRICHE:
============================================================================================================================================
Round   Loss         Accuracy     BalancedAcc    AUC        F1_Score     F1_Natural   F1_Attack    Precision    Precision_Nat   Precision_Att   Recall       Recall_Nat    Recall_Att  
--------------------------------------------------------------------------------------------------------------------------------------------
1       2.793900     0.531421     0.513469       0.506858   0.622997     0.381086     0.622997     0.701115     0.322158        0.701115        0.560541     0.466397      0.560541    
2       1.486726     0.669714     0.511786       0.553954   0.794761     0.154680     0.794761     0.696176     0.371158        0.696176        0.925874     0.097698      0.925874    
3       1.073896     0.677606     0.513375       0.566611   0.801775     0.137043     0.801775     0.696801     0.398204        0.696801        0.943988     0.082763      0.943988    
4       0.885761     0.683669     0.507456       0.567617   0.808929     0.081587     0.808929     0.693996     0.400000        0.693996        0.969486     0.045426      0.969486    
5       0.829908     0.687229     0.518796       0.558713   0.809228     0.132408     0.809228     0.699158     0.466165        0.699158        0.960429     0.077162      0.960429    
6       0.803254     0.677798     0.521504       0.559715   0.799713     0.176586     0.799713     0.700702     0.421362        0.700702        0.931308     0.111699      0.931308    
7       0.792314     0.675681     0.528218       0.562424   0.795782     0.212617     0.795782     0.704129     0.426829        0.704129        0.914867     0.141568      0.914867    
8       0.790834     0.665672     0.530679       0.565475   0.785184     0.246421     0.785184     0.705837     0.406877        0.705837        0.884631     0.176727      0.884631    
9       0.788909     0.659898     0.530107       0.567340   0.779511     0.256626     0.779511     0.705796     0.396104        0.705796        0.870419     0.189795      0.870419    
10      0.787862     0.654894     0.528031       0.568594   0.775031     0.259397     0.775031     0.704896     0.385749        0.704896        0.860666     0.195395      0.860666    
11      0.786590     0.653161     0.526691       0.569776   0.773675     0.258131     0.773675     0.704241     0.381387        0.704241        0.858297     0.195084      0.858297    
12      0.786520     0.652969     0.527239       0.569286   0.773293     0.260459     0.773293     0.704548     0.382070        0.704548        0.856904     0.197573      0.856904    
13      0.786074     0.652103     0.526955       0.570004   0.772484     0.261189     0.772484     0.704431     0.380584        0.704431        0.855093     0.198818      0.855093    
14      0.785281     0.650082     0.525063       0.570588   0.771004     0.258564     0.771004     0.703482     0.375148        0.703482        0.852863     0.197262      0.852863    
15      0.784880     0.649408     0.524747       0.570863   0.770404     0.258800     0.770404     0.703337     0.373898        0.703337        0.851609     0.197884      0.851609    
16      0.784892     0.649793     0.525799       0.571875   0.770454     0.261716     0.770454     0.703896     0.376093        0.703896        0.850913     0.200685      0.850913    
17      0.784895     0.649793     0.527001       0.572950   0.770047     0.265887     0.770047     0.704556     0.378084        0.704556        0.848962     0.205040      0.848962    
18      0.784556     0.650371     0.526990       0.573760   0.770658     0.264724     0.770658     0.704524     0.378691        0.704524        0.850495     0.203485      0.850495    
19      0.784579     0.650948     0.528353       0.574769   0.770806     0.268307     0.770806     0.705250     0.381526        0.705250        0.849798     0.206907      0.849798    
20      0.784639     0.651044     0.528852       0.575852   0.770738     0.269835     0.770738     0.705521     0.382420        0.705521        0.849241     0.208463      0.849241    
21      0.784621     0.650852     0.529056       0.576368   0.770467     0.270900     0.770467     0.705644     0.382520        0.705644        0.848405     0.209708      0.848405    
22      0.784701     0.650852     0.529657       0.576264   0.770263     0.272946     0.770263     0.705978     0.383446        0.705978        0.847429     0.211886      0.847429    
23      0.785058     0.649504     0.528854       0.576712   0.769114     0.272764     0.769114     0.705595     0.380713        0.705595        0.845200     0.212508      0.845200    
24      0.784997     0.648735     0.528297       0.576658   0.768489     0.272329     0.768489     0.705321     0.379023        0.705321        0.844085     0.212508      0.844085    
25      0.784894     0.647387     0.526548       0.576447   0.767660     0.268955     0.767660     0.704411     0.374861        0.704411        0.843389     0.209708      0.843389    
26      0.785036     0.648061     0.527293       0.576487   0.768119     0.270206     0.768119     0.704794     0.376739        0.704794        0.843946     0.210641      0.843946    
27      0.784592     0.647965     0.526451       0.576298   0.768305     0.267521     0.768305     0.704332     0.375281        0.704332        0.845061     0.207841      0.845061    
28      0.784717     0.647868     0.526381       0.576155   0.768227     0.267467     0.768227     0.704297     0.375070        0.704297        0.844921     0.207841      0.844921    
29      0.784850     0.648061     0.526606       0.576375   0.768354     0.267868     0.768354     0.704413     0.375632        0.704413        0.845061     0.208152      0.845061    
30      0.784891     0.648253     0.526746       0.576105   0.768510     0.267975     0.768510     0.704482     0.376054        0.704482        0.845339     0.208152      0.845339    
31      0.784679     0.648638     0.527024       0.576177   0.768822     0.268190     0.768822     0.704619     0.376901        0.704619        0.845897     0.208152      0.845897    
32      0.784895     0.648253     0.526746       0.576005   0.768510     0.267975     0.768510     0.704482     0.376054        0.704482        0.845339     0.208152      0.845339    
33      0.784750     0.648446     0.526799       0.576321   0.768695     0.267789     0.768695     0.704503     0.376338        0.704503        0.845757     0.207841      0.845757    
34      0.784819     0.648638     0.527024       0.576217   0.768822     0.268190     0.768822     0.704619     0.376901        0.704619        0.845897     0.208152      0.845897    
35      0.784526     0.648350     0.526558       0.576041   0.768676     0.267148     0.768676     0.704374     0.375847        0.704374        0.845897     0.207218      0.845897    
36      0.784918     0.648350     0.526729       0.575554   0.768617     0.267735     0.768617     0.704469     0.376126        0.704469        0.845618     0.207841      0.845618    
37      0.784669     0.648350     0.526558       0.575861   0.768676     0.267148     0.768676     0.704374     0.375847        0.704374        0.845897     0.207218      0.845897    
38      0.784325     0.648927     0.526890       0.576087   0.769172     0.267176     0.769172     0.704532     0.376984        0.704532        0.846872     0.206907      0.846872    
39      0.784654     0.648350     0.526643       0.575498   0.768646     0.267442     0.768646     0.704422     0.375986        0.704421        0.845757     0.207530      0.845757    
40      0.784642     0.648446     0.526541       0.575205   0.768783     0.266907     0.768783     0.704361     0.375919        0.704361        0.846175     0.206907      0.846175    
41      0.784563     0.648638     0.526251       0.575361   0.769085     0.265540     0.769085     0.704193     0.375640        0.704193        0.847151     0.205352      0.847151    
42      0.784748     0.649119     0.527201       0.575529   0.769270     0.267871     0.769270     0.704696     0.377690        0.704696        0.846872     0.207530      0.846872    
43      0.784528     0.648735     0.526063       0.575344   0.769250     0.264706     0.769250     0.704085     0.375429        0.704085        0.847708     0.204418      0.847708    
44      0.784536     0.648831     0.526390       0.575157   0.769240     0.265647     0.769240     0.704261     0.376068        0.704261        0.847429     0.205352      0.847429    
45      0.784715     0.649216     0.526755       0.575007   0.769523     0.266157     0.769523     0.704445     0.377068        0.704445        0.847847     0.205663      0.847847    
46      0.784969     0.649119     0.527029       0.575337   0.769328     0.267283     0.769328     0.704601     0.377412        0.704601        0.847151     0.206907      0.847151    
47      0.784370     0.650178     0.527022       0.575208   0.770445     0.265211     0.770445     0.704551     0.378534        0.704551        0.849937     0.204107      0.849937    
48      0.784492     0.649793     0.526915       0.575002   0.770076     0.265590     0.770076     0.704509     0.377944        0.704509        0.849101     0.204729      0.849101    
49      0.784173     0.650467     0.527059       0.575167   0.770736     0.264777     0.770736     0.704559     0.378911        0.704559        0.850634     0.203485      0.850634    
50      0.784153     0.650852     0.527424       0.575320   0.771017     0.265290     0.771017     0.704742     0.379930        0.704742        0.851052     0.203796      0.851052    
51      0.783953     0.650948     0.527064       0.575199   0.771239     0.263852     0.771239     0.704540     0.379451        0.704540        0.851888     0.202240      0.851888    
============================================================================================================================================

MATRICE DI CONFUSIONE SUL VALIDATION SET:
----------------------------------------
tp: 6114  fp: 2564  fn: 1063  tn: 650  


STATISTICHE FINALI:
============================================================

🔹 LOSS:
   Rounds disponibili  : 51
   Valore iniziale     : 2.793900 
   Valore finale       : 0.783953 
   Valore minimo       : 0.783953 
   Valore massimo      : 2.793900 
   Valore medio        : 0.847269 
   Miglioramento       : -2.009947 📉

🔹 ACCURACY:
   Rounds disponibili  : 51
   Valore iniziale     : 0.531421 
   Valore finale       : 0.650948 
   Valore minimo       : 0.531421 
   Valore massimo      : 0.687229 
   Valore medio        : 0.651205 
   Miglioramento       : 0.119527  📈

🔹 BALANCEDACC:
   Rounds disponibili  : 51
   Valore iniziale     : 0.513469 
   Valore finale       : 0.527064 
   Valore minimo       : 0.507456 
   Valore massimo      : 0.530679 
   Valore medio        : 0.525680 
   Miglioramento       : 0.013595  📈

🔹 AUC:
   Rounds disponibili  : 51
   Valore iniziale     : 0.506858 
   Valore finale       : 0.575199 
   Valore minimo       : 0.506858 
   Valore massimo      : 0.576712 
   Valore medio        : 0.571519 
   Miglioramento       : 0.068342  📈

🔹 F1_SCORE:
   Rounds disponibili  : 51
   Valore iniziale     : 0.622997 
   Valore finale       : 0.771239 
   Valore minimo       : 0.622997 
   Valore massimo      : 0.809228 
   Valore medio        : 0.771188 
   Miglioramento       : 0.148243  📈

🔹 F1_NATURAL:
   Rounds disponibili  : 51
   Valore iniziale     : 0.381086 
   Valore finale       : 0.263852 
   Valore minimo       : 0.081587 
   Valore massimo      : 0.381086 
   Valore medio        : 0.254169 
   Miglioramento       : -0.117233 📉

🔹 F1_ATTACK:
   Rounds disponibili  : 51
   Valore iniziale     : 0.622997 
   Valore finale       : 0.771239 
   Valore minimo       : 0.622997 
   Valore massimo      : 0.809228 
   Valore medio        : 0.771188 
   Miglioramento       : 0.148243  📈

🔹 PRECISION:
   Rounds disponibili  : 51
   Valore iniziale     : 0.701115 
   Valore finale       : 0.704540 
   Valore minimo       : 0.693996 
   Valore massimo      : 0.705978 
   Valore medio        : 0.703835 
   Miglioramento       : 0.003425  📈

🔹 PRECISION_NAT:
   Rounds disponibili  : 51
   Valore iniziale     : 0.322158 
   Valore finale       : 0.379451 
   Valore minimo       : 0.322158 
   Valore massimo      : 0.466165 
   Valore medio        : 0.381977 
   Miglioramento       : 0.057294  📈

🔹 PRECISION_ATT:
   Rounds disponibili  : 51
   Valore iniziale     : 0.701115 
   Valore finale       : 0.704540 
   Valore minimo       : 0.693996 
   Valore massimo      : 0.705978 
   Valore medio        : 0.703835 
   Miglioramento       : 0.003425  📈

🔹 RECALL:
   Rounds disponibili  : 51
   Valore iniziale     : 0.560541 
   Valore finale       : 0.851888 
   Valore minimo       : 0.560541 
   Valore massimo      : 0.969486 
   Valore medio        : 0.854806 
   Miglioramento       : 0.291347  📈

🔹 RECALL_NAT:
   Rounds disponibili  : 51
   Valore iniziale     : 0.466397 
   Valore finale       : 0.202240 
   Valore minimo       : 0.045426 
   Valore massimo      : 0.466397 
   Valore medio        : 0.196554 
   Miglioramento       : -0.264157 📉

🔹 RECALL_ATT:
   Rounds disponibili  : 51
   Valore iniziale     : 0.560541 
   Valore finale       : 0.851888 
   Valore minimo       : 0.560541 
   Valore massimo      : 0.969486 
   Valore medio        : 0.854806 
   Miglioramento       : 0.291347  📈

