RESOCONTO ADDESTRAMENTO FEDERATO RANDOM FOREST SMARTGRID
Rounds totali: 50

TABELLA RIASSUNTIVA METRICHE:
============================================================================================================================================
Round   Loss         Accuracy     BalancedAcc    AUC        F1_Score     F1_Natural   F1_Attack    Precision    Precision_Nat   Precision_Att   Recall       Recall_Nat    Recall_Att  
--------------------------------------------------------------------------------------------------------------------------------------------
2       0.219303     0.780697     0.506554       0.591444   0.876329     0.032745     0.876329     0.782181     0.558824        0.782181        0.996242     0.016866      0.996242    
3       0.218716     0.781284     0.511072       0.610474   0.876346     0.054077     0.876346     0.783760     0.561404        0.783760        0.993737     0.028407      0.993737    
4       0.218130     0.781870     0.512881       0.610701   0.876596     0.061370     0.876596     0.784393     0.579365        0.784393        0.993362     0.032401      0.993362    
5       0.218326     0.781674     0.512119       0.613273   0.876526     0.058154     0.876526     0.784126     0.575000        0.784126        0.993612     0.030626      0.993612    
6       0.218814     0.781186     0.510691       0.610589   0.876311     0.052453     0.876311     0.783626     0.558559        0.783626        0.993863     0.027519      0.993863    
7       0.218716     0.781284     0.511391       0.613318   0.876319     0.055673     0.876319     0.783872     0.559322        0.783872        0.993487     0.029294      0.993487    
8       0.218326     0.781674     0.512597       0.614362   0.876485     0.060530     0.876485     0.784294     0.571429        0.784294        0.993236     0.031957      0.993236    
9       0.218033     0.781967     0.512307       0.613034   0.876712     0.058228     0.876712     0.784190     0.589744        0.784190        0.993988     0.030626      0.993988    
10      0.218130     0.781870     0.511926       0.616232   0.876678     0.056612     0.876678     0.784056     0.587719        0.784056        0.994113     0.029738      0.994113    
11      0.218228     0.781772     0.512022       0.616671   0.876602     0.057384     0.876602     0.784091     0.581197        0.784091        0.993863     0.030182      0.993863    
12      0.219009     0.780991     0.510884       0.610714   0.876160     0.054008     0.876160     0.783696     0.547009        0.783696        0.993362     0.028407      0.993362    
13      0.219205     0.780795     0.509803       0.614835   0.876118     0.049153     0.876118     0.783317     0.542056        0.783317        0.993863     0.025743      0.993863    
14      0.218521     0.781479     0.512312       0.611403   0.876375     0.059689     0.876375     0.784195     0.563492        0.784195        0.993111     0.031514      0.993111    
15      0.217935     0.782065     0.513166       0.614695   0.876706     0.062211     0.876706     0.784492     0.587302        0.784492        0.993487     0.032845      0.993487    
16      0.218619     0.781381     0.511453       0.610668   0.876381     0.055696     0.876381     0.783893     0.564103        0.783893        0.993612     0.029294      0.993612    
17      0.218130     0.781870     0.513200       0.614889   0.876568     0.062946     0.876568     0.784506     0.576923        0.784506        0.993111     0.033289      0.993111    
18      0.218521     0.781479     0.511516       0.608128   0.876443     0.055720     0.876443     0.783915     0.568966        0.783915        0.993737     0.029294      0.993737    
19      0.218521     0.781479     0.512153       0.612550   0.876388     0.058898     0.876388     0.784139     0.564516        0.784139        0.993236     0.031070      0.993236    
20      0.218814     0.781186     0.510850       0.610598   0.876298     0.053254     0.876298     0.783682     0.557522        0.783682        0.993737     0.027963      0.993737    
21      0.218814     0.781186     0.511009       0.609400   0.876284     0.054054     0.876284     0.783738     0.556522        0.783738        0.993612     0.028407      0.993612    
22      0.218521     0.781479     0.511038       0.613268   0.876484     0.053322     0.876484     0.783746     0.572727        0.783746        0.994113     0.027963      0.994113    
23      0.218619     0.781381     0.511613       0.608832   0.876367     0.056492     0.876367     0.783949     0.563025        0.783949        0.993487     0.029738      0.993487    
24      0.218228     0.781772     0.512660       0.613523   0.876547     0.060555     0.876547     0.784316     0.576000        0.784316        0.993362     0.031957      0.993362    
25      0.218521     0.781479     0.512153       0.612550   0.876388     0.058898     0.876388     0.784139     0.564516        0.784139        0.993236     0.031070      0.993236    
26      0.218619     0.781381     0.510816       0.612416   0.876436     0.052498     0.876436     0.783669     0.568807        0.783669        0.994113     0.027519      0.994113    
27      0.218521     0.781479     0.511357       0.613888   0.876457     0.054922     0.876457     0.783859     0.570175        0.783859        0.993863     0.028850      0.993863    
28      0.219107     0.780893     0.510662       0.611151   0.876112     0.053187     0.876112     0.783618     0.543103        0.783618        0.993362     0.027963      0.993362    
29      0.218912     0.781088     0.510628       0.610013   0.876249     0.052431     0.876249     0.783605     0.553571        0.783605        0.993737     0.027519      0.993737    
30      0.218814     0.781186     0.511328       0.609230   0.876257     0.055649     0.876257     0.783851     0.554622        0.783851        0.993362     0.029294      0.993362    
31      0.217642     0.782358     0.513195       0.617149   0.876906     0.061500     0.876906     0.784500     0.603306        0.784500        0.993988     0.032401      0.993988    
32      0.218228     0.781772     0.511704       0.612750   0.876629     0.055790     0.876629     0.783979     0.584071        0.783979        0.994113     0.029294      0.994113    
33      0.218521     0.781479     0.511994       0.611572   0.876402     0.058105     0.876402     0.784083     0.565574        0.784083        0.993362     0.030626      0.993362    
34      0.219107     0.780893     0.510981       0.608983   0.876084     0.054783     0.876084     0.783730     0.541667        0.783730        0.993111     0.028850      0.993111    
35      0.218716     0.781284     0.510913       0.609725   0.876360     0.053277     0.876360     0.783704     0.562500        0.783704        0.993863     0.027963      0.993863    
36      0.218912     0.781088     0.511106       0.610523   0.876208     0.054829     0.876208     0.783773     0.550847        0.783773        0.993362     0.028850      0.993362    
37      0.218326     0.781674     0.511960       0.612201   0.876540     0.057360     0.876540     0.784070     0.576271        0.784070        0.993737     0.030182      0.993737    
38      0.217544     0.782456     0.513417       0.614597   0.876955     0.062316     0.876955     0.784577     0.606557        0.784577        0.993988     0.032845      0.993988    
39      0.218619     0.781381     0.511294       0.611107   0.876395     0.054899     0.876395     0.783837     0.565217        0.783837        0.993737     0.028850      0.993737    
40      0.218619     0.781381     0.512090       0.608698   0.876326     0.058873     0.876326     0.784118     0.560000        0.784118        0.993111     0.031070      0.993111    
41      0.217740     0.782260     0.513132       0.614535   0.876844     0.061474     0.876844     0.784478     0.598361        0.784478        0.993863     0.032401      0.993863    
42      0.219009     0.780991     0.511362       0.613628   0.876119     0.056397     0.876119     0.783864     0.544715        0.783864        0.992986     0.029738      0.992986    
43      0.219009     0.780991     0.510884       0.610714   0.876160     0.054008     0.876160     0.783696     0.547009        0.783696        0.993362     0.028407      0.993362    
44      0.217935     0.782065     0.512529       0.613471   0.876761     0.059047     0.876761     0.784267     0.593220        0.784267        0.993988     0.031070      0.993988    
45      0.218326     0.781674     0.512119       0.608663   0.876526     0.058154     0.876526     0.784126     0.575000        0.784126        0.993612     0.030626      0.993612    
46      0.218228     0.781772     0.512660       0.610352   0.876547     0.060555     0.876547     0.784316     0.576000        0.784316        0.993362     0.031957      0.993362    
47      0.218130     0.781870     0.512244       0.612882   0.876650     0.058203     0.876650     0.784168     0.584746        0.784168        0.993863     0.030626      0.993863    
48      0.218716     0.781284     0.511391       0.609069   0.876319     0.055673     0.876319     0.783872     0.559322        0.783872        0.993487     0.029294      0.993487    
49      0.218033     0.781967     0.512626       0.614676   0.876685     0.059815     0.876685     0.784302     0.586777        0.784302        0.993737     0.031514      0.993737    
50      0.218033     0.781967     0.511988       0.614568   0.876740     0.056636     0.876740     0.784077     0.592920        0.784077        0.994238     0.029738      0.994238    
51      0.218521     0.781479     0.511994       0.613897   0.876402     0.058105     0.876402     0.784083     0.565574        0.784083        0.993362     0.030626      0.993362    
============================================================================================================================================

MATRICE DI CONFUSIONE SUL VALIDATION SET:
----------------------------------------
tp: 7931  fp: 2184  fn: 53    tn: 69   


STATISTICHE FINALI:
============================================================

🔹 LOSS:
   Rounds disponibili  : 50
   Valore iniziale     : 0.219303 
   Valore finale       : 0.218521 
   Valore minimo       : 0.217544 
   Valore massimo      : 0.219303 
   Valore medio        : 0.218492 
   Miglioramento       : -0.000781 📉

🔹 ACCURACY:
   Rounds disponibili  : 50
   Valore iniziale     : 0.780697 
   Valore finale       : 0.781479 
   Valore minimo       : 0.780697 
   Valore massimo      : 0.782456 
   Valore medio        : 0.781508 
   Miglioramento       : 0.000781  📈

🔹 BALANCEDACC:
   Rounds disponibili  : 50
   Valore iniziale     : 0.506554 
   Valore finale       : 0.511994 
   Valore minimo       : 0.506554 
   Valore massimo      : 0.513417 
   Valore medio        : 0.511675 
   Miglioramento       : 0.005439  📈

🔹 AUC:
   Rounds disponibili  : 50
   Valore iniziale     : 0.591444 
   Valore finale       : 0.613897 
   Valore minimo       : 0.591444 
   Valore massimo      : 0.617149 
   Valore medio        : 0.611732 
   Miglioramento       : 0.022453  📈

🔹 F1_SCORE:
   Rounds disponibili  : 50
   Valore iniziale     : 0.876329 
   Valore finale       : 0.876402 
   Valore minimo       : 0.876084 
   Valore massimo      : 0.876955 
   Valore medio        : 0.876450 
   Miglioramento       : 0.000073  📈

🔹 F1_NATURAL:
   Rounds disponibili  : 50
   Valore iniziale     : 0.032745 
   Valore finale       : 0.058105 
   Valore minimo       : 0.032745 
   Valore massimo      : 0.062946 
   Valore medio        : 0.056412 
   Miglioramento       : 0.025361  📈

🔹 F1_ATTACK:
   Rounds disponibili  : 50
   Valore iniziale     : 0.876329 
   Valore finale       : 0.876402 
   Valore minimo       : 0.876084 
   Valore massimo      : 0.876955 
   Valore medio        : 0.876450 
   Miglioramento       : 0.000073  📈

🔹 PRECISION:
   Rounds disponibili  : 50
   Valore iniziale     : 0.782181 
   Valore finale       : 0.784083 
   Valore minimo       : 0.782181 
   Valore massimo      : 0.784577 
   Valore medio        : 0.783971 
   Miglioramento       : 0.001902  📈

🔹 PRECISION_NAT:
   Rounds disponibili  : 50
   Valore iniziale     : 0.558824 
   Valore finale       : 0.565574 
   Valore minimo       : 0.541667 
   Valore massimo      : 0.606557 
   Valore medio        : 0.569143 
   Miglioramento       : 0.006750  📈

🔹 PRECISION_ATT:
   Rounds disponibili  : 50
   Valore iniziale     : 0.782181 
   Valore finale       : 0.784083 
   Valore minimo       : 0.782181 
   Valore massimo      : 0.784577 
   Valore medio        : 0.783971 
   Miglioramento       : 0.001902  📈

🔹 RECALL:
   Rounds disponibili  : 50
   Valore iniziale     : 0.996242 
   Valore finale       : 0.993362 
   Valore minimo       : 0.992986 
   Valore massimo      : 0.996242 
   Valore medio        : 0.993665 
   Miglioramento       : -0.002881 📉

🔹 RECALL_NAT:
   Rounds disponibili  : 50
   Valore iniziale     : 0.016866 
   Valore finale       : 0.030626 
   Valore minimo       : 0.016866 
   Valore massimo      : 0.033289 
   Valore medio        : 0.029685 
   Miglioramento       : 0.013759  📈

🔹 RECALL_ATT:
   Rounds disponibili  : 50
   Valore iniziale     : 0.996242 
   Valore finale       : 0.993362 
   Valore minimo       : 0.992986 
   Valore massimo      : 0.996242 
   Valore medio        : 0.993665 
   Miglioramento       : -0.002881 📉

