RESOCONTO ADDESTRAMENTO FEDERATO SMARTGRID
Rounds totali: 201

TABELLA RIASSUNTIVA METRICHE:
============================================================================================================================================
Round   Loss         Accuracy     BalancedAcc    AUC        F1_Score     F1_Natural   F1_Attack    Precision    Precision_Nat   Precision_Att   Recall       Recall_Nat    Recall_Att  
--------------------------------------------------------------------------------------------------------------------------------------------
1       2.793900     0.531421     0.513469       0.506858   0.622997     0.381086     0.622997     0.701115     0.322158        0.701115        0.560541     0.466397      0.560541    
2       1.486726     0.669714     0.511786       0.553954   0.794761     0.154680     0.794761     0.696176     0.371158        0.696176        0.925874     0.097698      0.925874    
3       1.072861     0.680396     0.514537       0.567762   0.804059     0.133577     0.804059     0.697298     0.413570        0.697298        0.949422     0.079652      0.949422    
4       0.889255     0.683476     0.505255       0.574473   0.809322     0.069063     0.809322     0.693010     0.382445        0.693010        0.972551     0.037959      0.972551    
5       0.838234     0.686363     0.514733       0.560838   0.809493     0.113197     0.809493     0.697281     0.451193        0.697281        0.964749     0.064717      0.964749    
6       0.805062     0.687037     0.524841       0.556434   0.807460     0.164440     0.807460     0.702049     0.471976        0.702049        0.950118     0.099564      0.950118    
7       0.790483     0.675970     0.524046       0.557665   0.797254     0.193533     0.797254     0.702015     0.420395        0.702015        0.922391     0.125700      0.922391    
8       0.784193     0.671158     0.528207       0.559141   0.791379     0.223938     0.791379     0.704303     0.414634        0.704303        0.903024     0.153391      0.903024    
9       0.781789     0.659706     0.526789       0.564163   0.780373     0.244767     0.780373     0.704023     0.390327        0.704023        0.875296     0.178283      0.875296    
10      0.781235     0.657396     0.529584       0.565819   0.777110     0.259875     0.777110     0.705628     0.391604        0.705628        0.864707     0.194462      0.864707    
11      0.781325     0.654124     0.528676       0.566243   0.774019     0.263223     0.774019     0.705282     0.385817        0.705282        0.857601     0.199751      0.857601    
12      0.780723     0.653931     0.528451       0.565696   0.773893     0.262813     0.773893     0.705168     0.385216        0.705168        0.857461     0.199440      0.857461    
13      0.780189     0.653065     0.527824       0.567837   0.773199     0.262329     0.773199     0.704863     0.383144        0.704864        0.856207     0.199440      0.856207    
14      0.779492     0.649504     0.525590       0.570209   0.770221     0.261557     0.770221     0.703793     0.375437        0.703793        0.850495     0.200685      0.850495    
15      0.779214     0.648253     0.524083       0.571373   0.769415     0.258771     0.769415     0.703021     0.371578        0.703021        0.849659     0.198507      0.849659    
16      0.779055     0.647580     0.524282       0.573426   0.768638     0.260799     0.768638     0.703156     0.371264        0.703156        0.847569     0.200996      0.847569    
17      0.778708     0.648350     0.525097       0.574860   0.769172     0.262116     0.769172     0.703571     0.373418        0.703571        0.848265     0.201929      0.848265    
18      0.778868     0.647676     0.524695       0.575931   0.768599     0.262044     0.768599     0.703378     0.372066        0.703378        0.847151     0.202240      0.847151    
19      0.778697     0.648638     0.526251       0.576949   0.769085     0.265540     0.769085     0.704193     0.375640        0.704193        0.847151     0.205352      0.847151    
20      0.778622     0.648638     0.526079       0.577171   0.769143     0.264949     0.769143     0.704098     0.375357        0.704098        0.847429     0.204729      0.847429    
21      0.778766     0.649119     0.526428       0.577178   0.769532     0.265216     0.769532     0.704269     0.376430        0.704269        0.848126     0.204729      0.848126    
22      0.778664     0.649216     0.526497       0.577009   0.769610     0.265269     0.769610     0.704304     0.376646        0.704304        0.848265     0.204729      0.848265    
23      0.778913     0.649216     0.526497       0.577380   0.769610     0.265269     0.769610     0.704304     0.376646        0.704304        0.848265     0.204729      0.848265    
24      0.778974     0.649504     0.526620       0.577296   0.769872     0.265133     0.769872     0.704359     0.377153        0.704359        0.848823     0.204418      0.848823    
25      0.778624     0.649119     0.525826       0.576807   0.769736     0.263137     0.769736     0.703939     0.375433        0.703939        0.849101     0.202551      0.849101    
26      0.778972     0.649216     0.526068       0.577144   0.769756     0.263785     0.769756     0.704067     0.375936        0.704067        0.848962     0.203174      0.848962    
27      0.778983     0.649408     0.526379       0.576676   0.769853     0.264486     0.769853     0.704230     0.376653        0.704230        0.848962     0.203796      0.848962    
28      0.778945     0.649408     0.526293       0.576510   0.769882     0.264189     0.769882     0.704183     0.376511        0.704183        0.849101     0.203485      0.849101    
29      0.779057     0.649504     0.526449       0.576258   0.769931     0.264540     0.769931     0.704264     0.376870        0.704264        0.849101     0.203796      0.849101    
30      0.779124     0.649408     0.526379       0.576258   0.769853     0.264486     0.769853     0.704230     0.376653        0.704230        0.848962     0.203796      0.848962    
31      0.778892     0.649408     0.526035       0.576078   0.769969     0.263296     0.769969     0.704042     0.376083        0.704042        0.849519     0.202551      0.849519    
32      0.778848     0.649312     0.525880       0.575737   0.769920     0.262945     0.769920     0.703960     0.375723        0.703960        0.849519     0.202240      0.849519    
33      0.779080     0.649312     0.525966       0.575393   0.769891     0.263243     0.769891     0.704007     0.375866        0.704007        0.849380     0.202551      0.849380    
34      0.778957     0.650178     0.526507       0.575418   0.770619     0.263425     0.770619     0.704268     0.377687        0.704268        0.850773     0.202240      0.850773    
35      0.778839     0.649601     0.525917       0.575453   0.770211     0.262508     0.770211     0.703969     0.376088        0.703969        0.850216     0.201618      0.850216    
36      0.779226     0.649504     0.526105       0.575327   0.770047     0.263350     0.770047     0.704076     0.376301        0.704076        0.849659     0.202551      0.849659    
37      0.778987     0.650274     0.526233       0.575279   0.770812     0.262282     0.770812     0.704113     0.377336        0.704113        0.851470     0.200996      0.851470    
38      0.778820     0.650371     0.526302       0.575189   0.770890     0.262335     0.770890     0.704147     0.377557        0.704147        0.851609     0.200996      0.851609    
39      0.778864     0.650178     0.526077       0.574869   0.770764     0.261929     0.770764     0.704032     0.376973        0.704032        0.851470     0.200685      0.851470    
40      0.778853     0.650371     0.526131       0.574739   0.770948     0.261735     0.770948     0.704053     0.377270        0.704053        0.851888     0.200373      0.851888    
41      0.778842     0.650178     0.526077       0.574835   0.770764     0.261929     0.770764     0.704032     0.376973        0.704032        0.851470     0.200685      0.851470    
42      0.778726     0.651044     0.526532       0.574441   0.771519     0.261808     0.771519     0.704245     0.378681        0.704245        0.853003     0.200062      0.853003    
43      0.779082     0.650274     0.526319       0.574541   0.770783     0.262581     0.770783     0.704160     0.377480        0.704160        0.851331     0.201307      0.851331    
44      0.778700     0.650852     0.526221       0.574480   0.771421     0.261100     0.771421     0.704083     0.377948        0.704083        0.853003     0.199440      0.853003    
45      0.778907     0.650948     0.526463       0.574275   0.771441     0.261755     0.771441     0.704211     0.378458        0.704211        0.852863     0.200062      0.852863    
46      0.778940     0.650948     0.526635       0.574332   0.771384     0.262355     0.771384     0.704305     0.378743        0.704305        0.852585     0.200685      0.852585    
47      0.779021     0.650659     0.526254       0.573903   0.771209     0.261595     0.771209     0.704109     0.377791        0.704109        0.852445     0.200062      0.852445    
48      0.779134     0.650467     0.526286       0.573673   0.770996     0.262089     0.770996     0.704135     0.377635        0.704135        0.851888     0.200685      0.851888    
49      0.778693     0.651044     0.526618       0.573866   0.771490     0.262108     0.771490     0.704292     0.378824        0.704292        0.852863     0.200373      0.852863    
50      0.778766     0.651140     0.526688       0.573591   0.771567     0.262162     0.771567     0.704326     0.379046        0.704326        0.853003     0.200373      0.853003    
51      0.778540     0.651718     0.526934       0.573672   0.772089     0.261880     0.772089     0.704436     0.380107        0.704436        0.854117     0.199751      0.854117    
52      0.778488     0.651622     0.526779       0.573545   0.772040     0.261526     0.772040     0.704355     0.379739        0.704355        0.854117     0.199440      0.854117    
53      0.778514     0.651429     0.526382       0.573544   0.771972     0.260514     0.771972     0.704146     0.378860        0.704146        0.854257     0.198507      0.854257    
54      0.778747     0.651429     0.526553       0.573759   0.771914     0.261118     0.771914     0.704240     0.379147        0.704240        0.853978     0.199129      0.853978    
55      0.779153     0.650659     0.525996       0.573497   0.771295     0.260692     0.771295     0.703968     0.377358        0.703968        0.852863     0.199129      0.852863    
56      0.778917     0.650852     0.526049       0.573440   0.771479     0.260497     0.771479     0.703989     0.377660        0.703989        0.853281     0.198818      0.853281    
57      0.778715     0.651333     0.526226       0.573158   0.771923     0.260159     0.771923     0.704065     0.378491        0.704065        0.854257     0.198195      0.854257    
58      0.778761     0.651237     0.526156       0.573231   0.771846     0.260106     0.771846     0.704031     0.378266        0.704031        0.854117     0.198195      0.854117    
59      0.778904     0.651333     0.526312       0.573171   0.771894     0.260461     0.771894     0.704112     0.378635        0.704112        0.854117     0.198507      0.854117    
60      0.778755     0.651814     0.526488       0.573060   0.772338     0.260123     0.772338     0.704188     0.379475        0.704188        0.855093     0.197884      0.855093    
61      0.778603     0.651910     0.526472       0.572861   0.772444     0.259873     0.772444     0.704175     0.379558        0.704175        0.855371     0.197573      0.855371    
62      0.779206     0.651140     0.526087       0.573042   0.771769     0.260053     0.771769     0.703997     0.378042        0.703997        0.853978     0.198195      0.853978    
63      0.779026     0.651814     0.526488       0.572653   0.772338     0.260123     0.772338     0.704188     0.379475        0.704188        0.855093     0.197884      0.855093    
64      0.778811     0.651718     0.526161       0.572395   0.772347     0.259161     0.772347     0.704014     0.378815        0.704014        0.855371     0.196951      0.855371    
65      0.778988     0.651525     0.526279       0.572299   0.772106     0.259963     0.772106     0.704086     0.378797        0.704086        0.854675     0.197884      0.854675    
66      0.779333     0.651140     0.526258       0.572072   0.771711     0.260657     0.771711     0.704091     0.378330        0.704091        0.853699     0.198818      0.853699    
67      0.779175     0.651910     0.526558       0.572165   0.772416     0.260176     0.772416     0.704222     0.379701        0.704222        0.855232     0.197884      0.855232    
68      0.778981     0.652488     0.526804       0.572129   0.772936     0.259889     0.772936     0.704332     0.380781        0.704332        0.856347     0.197262      0.856347    
69      0.778836     0.652488     0.526890       0.571971   0.772907     0.260193     0.772907     0.704379     0.380924        0.704379        0.856207     0.197573      0.856207    
70      0.778924     0.652199     0.526509       0.571829   0.772733     0.259426     0.772733     0.704183     0.379952        0.704183        0.856068     0.196951      0.856068    
71      0.778952     0.652391     0.526821       0.571591   0.772830     0.260139     0.772830     0.704345     0.380695        0.704345        0.856068     0.197573      0.856068    
72      0.778781     0.653065     0.527051       0.571867   0.773456     0.259602     0.773456     0.704441     0.381873        0.704441        0.857461     0.196640      0.857461    
73      0.779045     0.652488     0.526890       0.571940   0.772907     0.260193     0.772907     0.704379     0.380924        0.704379        0.856207     0.197573      0.856207    
74      0.778958     0.653258     0.527362       0.571250   0.773553     0.260316     0.773553     0.704603     0.382619        0.704603        0.857461     0.197262      0.857461    
75      0.778777     0.653835     0.527694       0.571105   0.774044     0.260333     0.774044     0.704759     0.383869        0.704759        0.858437     0.196951      0.858437    
76      0.779100     0.652776     0.527185       0.571306   0.773110     0.260656     0.773110     0.704527     0.381753        0.704527        0.856486     0.197884      0.856486    
77      0.778807     0.653450     0.527415       0.570925   0.773735     0.260119     0.773735     0.704623     0.382940        0.704623        0.857879     0.196951      0.857879    
78      0.779181     0.652873     0.527255       0.571308   0.773187     0.260709     0.773187     0.704561     0.381982        0.704561        0.856625     0.197884      0.856625    
79      0.779045     0.653354     0.527260       0.571153   0.773687     0.259762     0.773687     0.704543     0.382567        0.704543        0.857879     0.196640      0.857879    
80      0.779007     0.653450     0.527329       0.570970   0.773764     0.259815     0.773764     0.704577     0.382798        0.704577        0.858019     0.196640      0.858019    
81      0.779370     0.653258     0.527533       0.570866   0.773496     0.260923     0.773496     0.704696     0.382902        0.704696        0.857183     0.197884      0.857183    
82      0.779122     0.653354     0.527088       0.570694   0.773744     0.259153     0.773744     0.704449     0.382282        0.704449        0.858158     0.196017      0.858158    
83      0.779613     0.652873     0.527427       0.571013   0.773130     0.261315     0.773130     0.704655     0.382265        0.704655        0.856347     0.198507      0.856347    
84      0.779277     0.653739     0.527538       0.570688   0.773995     0.259975     0.773995     0.704678     0.383495        0.704678        0.858437     0.196640      0.858437    
85      0.779140     0.653643     0.527297       0.570496   0.773975     0.259313     0.773975     0.704551     0.382979        0.704551        0.858576     0.196017      0.858576    
86      0.779182     0.653354     0.527088       0.570480   0.773744     0.259153     0.773744     0.704449     0.382282        0.704449        0.858158     0.196017      0.858158    
87      0.779095     0.653739     0.527280       0.570376   0.774080     0.259061     0.774080     0.704538     0.383069        0.704538        0.858855     0.195706      0.858855    
88      0.779289     0.653065     0.526965       0.570483   0.773484     0.259297     0.773484     0.704395     0.381730        0.704395        0.857601     0.196329      0.857601    
89      0.779446     0.653161     0.527206       0.570217   0.773504     0.259959     0.773504     0.704522     0.382246        0.704522        0.857461     0.196951      0.857461    
90      0.779041     0.653739     0.527109       0.570046   0.774137     0.258450     0.774137     0.704444     0.382784        0.704444        0.859133     0.195084      0.859133    
91      0.779312     0.654028     0.527919       0.569741   0.774169     0.260744     0.774169     0.704873     0.384475        0.704873        0.858576     0.197262      0.858576    
92      0.779370     0.653835     0.527608       0.569771   0.774072     0.260029     0.774072     0.704712     0.383728        0.704712        0.858576     0.196640      0.858576    
93      0.779648     0.652873     0.527083       0.569838   0.773244     0.260103     0.773244     0.704467     0.381698        0.704467        0.856904     0.197262      0.856904    
94      0.779398     0.653835     0.527694       0.569812   0.774044     0.260333     0.774044     0.704759     0.383869        0.704759        0.858437     0.196951      0.858437    
95      0.779197     0.654797     0.528047       0.569418   0.774926     0.259649     0.774926     0.704909     0.385653        0.704909        0.860387     0.195706      0.860387    
96      0.779542     0.654509     0.527924       0.569718   0.774667     0.259794     0.774667     0.704854     0.385086        0.704854        0.859830     0.196017      0.859830    
97      0.779320     0.654028     0.527489       0.569597   0.774311     0.259221     0.774311     0.704639     0.383771        0.704639        0.859273     0.195706      0.859273    
98      0.778977     0.655182     0.528068       0.569174   0.775318     0.258945     0.775318     0.704903     0.386181        0.704903        0.861363     0.194773      0.861363    
99      0.779251     0.654797     0.527617       0.569308   0.775067     0.258118     0.775067     0.704675     0.384948        0.704675        0.861084     0.194151      0.861084    
100     0.779244     0.654701     0.527462       0.569144   0.775019     0.257758     0.775019     0.704595     0.384568        0.704595        0.861084     0.193839      0.861084    
101     0.779477     0.654509     0.527752       0.569164   0.774724     0.259183     0.774724     0.704761     0.384804        0.704761        0.860109     0.195395      0.860109    
102     0.779409     0.654316     0.527269       0.569232   0.774683     0.257851     0.774683     0.704507     0.383764        0.704507        0.860387     0.194151      0.860387    
103     0.779291     0.655182     0.527896       0.568844   0.775375     0.258332     0.775375     0.704810     0.385900        0.704810        0.861641     0.194151      0.861641    
104     0.779319     0.654797     0.527703       0.568915   0.775039     0.258425     0.775039     0.704722     0.385089        0.704722        0.860945     0.194462      0.860945    
105     0.779447     0.654605     0.527564       0.568655   0.774886     0.258318     0.774886     0.704654     0.384615        0.704654        0.860666     0.194462      0.860666    
106     0.779380     0.654894     0.527601       0.568533   0.775172     0.257864     0.775172     0.704662     0.385043        0.704662        0.861363     0.193839      0.861363    
107     0.779580     0.655182     0.527982       0.568618   0.775346     0.258639     0.775346     0.704856     0.386041        0.704856        0.861502     0.194462      0.861502    
108     0.779495     0.654701     0.527462       0.568275   0.775019     0.257758     0.775019     0.704595     0.384568        0.704595        0.861084     0.193839      0.861084    
109     0.779766     0.654509     0.527408       0.568511   0.774837     0.257958     0.774837     0.704574     0.384236        0.704574        0.860666     0.194151      0.860666    
110     0.779796     0.654894     0.527859       0.568171   0.775088     0.258785     0.775088     0.704802     0.385468        0.704802        0.860945     0.194773      0.860945    
111     0.779833     0.654797     0.527789       0.568253   0.775011     0.258731     0.775011     0.704768     0.385231        0.704768        0.860805     0.194773      0.860805    
112     0.779829     0.654701     0.527891       0.568395   0.774878     0.259290     0.774878     0.704828     0.385276        0.704828        0.860387     0.195395      0.860387    
113     0.779717     0.654701     0.527634       0.568156   0.774962     0.258371     0.774962     0.704688     0.384852        0.704688        0.860805     0.194462      0.860805    
114     0.779785     0.654894     0.527945       0.568211   0.775060     0.259091     0.775060     0.704849     0.385609        0.704849        0.860805     0.195084      0.860805    
115     0.779878     0.654701     0.527805       0.568076   0.774906     0.258984     0.774906     0.704781     0.385135        0.704781        0.860527     0.195084      0.860527    
116     0.779703     0.654990     0.527843       0.567800   0.775193     0.258532     0.775193     0.704789     0.385564        0.704789        0.861223     0.194462      0.861223    
117     0.779715     0.654990     0.527928       0.567706   0.775165     0.258838     0.775165     0.704836     0.385705        0.704836        0.861084     0.194773      0.861084    
118     0.779637     0.654990     0.527757       0.567888   0.775221     0.258225     0.775221     0.704742     0.385423        0.704742        0.861363     0.194151      0.861363    
119     0.779652     0.655182     0.527982       0.567837   0.775346     0.258639     0.775346     0.704856     0.386041        0.704856        0.861502     0.194462      0.861502    
120     0.779710     0.654701     0.527462       0.567735   0.775019     0.257758     0.775019     0.704595     0.384568        0.704595        0.861084     0.193839      0.861084    
121     0.779778     0.654797     0.527789       0.567907   0.775011     0.258731     0.775011     0.704768     0.385231        0.704768        0.860805     0.194773      0.860805    
122     0.779820     0.654797     0.527703       0.567837   0.775039     0.258425     0.775039     0.704722     0.385089        0.704722        0.860945     0.194462      0.860945    
123     0.779687     0.654797     0.527617       0.567864   0.775067     0.258118     0.775067     0.704675     0.384948        0.704675        0.861084     0.194151      0.861084    
124     0.779913     0.654701     0.527548       0.567411   0.774991     0.258065     0.774991     0.704641     0.384710        0.704641        0.860945     0.194151      0.860945    
125     0.779873     0.654412     0.527339       0.567310   0.774760     0.257905     0.774760     0.704540     0.384000        0.704540        0.860527     0.194151      0.860527    
126     0.779867     0.654412     0.527510       0.567607   0.774704     0.258517     0.774704     0.704634     0.384285        0.704634        0.860248     0.194773      0.860248    
127     0.779437     0.655567     0.527831       0.567330   0.775794     0.257315     0.775794     0.704758     0.386293        0.704758        0.862756     0.192906      0.862756    
128     0.779594     0.654990     0.527499       0.567394   0.775306     0.257303     0.775306     0.704602     0.384997        0.704602        0.861781     0.193217      0.861781    
129     0.779948     0.654220     0.527199       0.567418   0.774606     0.257798     0.774606     0.704473     0.383528        0.704473        0.860248     0.194151      0.860248    
130     0.779765     0.654509     0.527408       0.567412   0.774837     0.257958     0.774837     0.704574     0.384236        0.704574        0.860666     0.194151      0.860666    
131     0.779788     0.654701     0.527462       0.567460   0.775019     0.257758     0.775019     0.704595     0.384568        0.704595        0.861084     0.193839      0.861084    
132     0.779593     0.655375     0.527778       0.566925   0.775612     0.257516     0.775613     0.704737     0.385954        0.704737        0.862338     0.193217      0.862338    
133     0.779914     0.654220     0.526942       0.566911   0.774691     0.256877     0.774691     0.704333     0.383097        0.704333        0.860666     0.193217      0.860666    
134     0.780081     0.654509     0.527322       0.566628   0.774865     0.257651     0.774865     0.704527     0.384094        0.704527        0.860805     0.193839      0.860805    
135     0.780037     0.654701     0.527290       0.566909   0.775075     0.257143     0.775075     0.704501     0.384282        0.704501        0.861363     0.193217      0.861363    
136     0.780137     0.654701     0.527548       0.566785   0.774991     0.258065     0.774991     0.704641     0.384710        0.704641        0.860945     0.194151      0.860945    
137     0.779925     0.654701     0.527376       0.566672   0.775047     0.257450     0.775047     0.704548     0.384425        0.704548        0.861223     0.193528      0.861223    
138     0.779794     0.654894     0.527515       0.566815   0.775201     0.257557     0.775201     0.704615     0.384901        0.704615        0.861502     0.193528      0.861502    
139     0.780005     0.655086     0.527740       0.566730   0.775326     0.257971     0.775326     0.704729     0.385520        0.704729        0.861641     0.193839      0.861641    
140     0.780116     0.654797     0.527531       0.566904   0.775096     0.257811     0.775096     0.704628     0.384805        0.704628        0.861223     0.193839      0.861223    
141     0.779879     0.654990     0.527499       0.566757   0.775306     0.257303     0.775306     0.704602     0.384997        0.704602        0.861781     0.193217      0.861781    
142     0.780034     0.654990     0.527499       0.567134   0.775306     0.257303     0.775306     0.704602     0.384997        0.704602        0.861781     0.193217      0.861781    
143     0.780006     0.654797     0.527445       0.567295   0.775124     0.257504     0.775124     0.704582     0.384663        0.704582        0.861363     0.193528      0.861363    
144     0.780143     0.654990     0.527585       0.567118   0.775277     0.257610     0.775277     0.704649     0.385139        0.704649        0.861641     0.193528      0.861641    
145     0.780229     0.654605     0.527478       0.566782   0.774914     0.258011     0.774914     0.704608     0.384473        0.704608        0.860805     0.194151      0.860805    
146     0.780093     0.655664     0.527901       0.566470   0.775871     0.257368     0.775871     0.704791     0.386534        0.704791        0.862895     0.192906      0.862895    
147     0.780184     0.655086     0.527483       0.566536   0.775410     0.257048     0.775410     0.704589     0.385093        0.704589        0.862059     0.192906      0.862059    
148     0.780376     0.655086     0.527655       0.566300   0.775354     0.257664     0.775354     0.704683     0.385378        0.704683        0.861781     0.193528      0.861781    
149     0.780240     0.655182     0.527381       0.566261   0.775543     0.256485     0.775543     0.704530     0.385047        0.704530        0.862477     0.192284      0.862477    
150     0.780250     0.655182     0.527552       0.566465   0.775487     0.257101     0.775487     0.704623     0.385333        0.704623        0.862199     0.192906      0.862199    
151     0.780535     0.654990     0.527585       0.566515   0.775277     0.257610     0.775277     0.704649     0.385139        0.704649        0.861641     0.193528      0.861641    
152     0.780191     0.655086     0.527569       0.566634   0.775382     0.257356     0.775382     0.704636     0.385236        0.704636        0.861920     0.193217      0.861920    
153     0.779997     0.655279     0.527193       0.565954   0.775704     0.255611     0.775704     0.704424     0.384856        0.704424        0.863035     0.191350      0.863035    
154     0.780341     0.655182     0.527638       0.566615   0.775459     0.257409     0.775459     0.704670     0.385475        0.704670        0.862059     0.193217      0.862059    
155     0.780162     0.655279     0.527278       0.566200   0.775676     0.255920     0.775676     0.704470     0.385000        0.704470        0.862895     0.191661      0.862895    
156     0.780221     0.654894     0.527172       0.566316   0.775313     0.256325     0.775313     0.704429     0.384328        0.704429        0.862059     0.192284      0.862059    
157     0.780148     0.655182     0.527295       0.566467   0.775572     0.256176     0.775572     0.704483     0.384903        0.704483        0.862617     0.191973      0.862617    
158     0.780542     0.654797     0.527274       0.566332   0.775180     0.256888     0.775180     0.704489     0.384377        0.704488        0.861641     0.192906      0.861641    
159     0.780532     0.654894     0.527515       0.566180   0.775201     0.257557     0.775201     0.704615     0.384901        0.704615        0.861502     0.193528      0.861502    
160     0.780201     0.656241     0.527975       0.566227   0.776443     0.256453     0.776443     0.704806     0.387421        0.704806        0.864289     0.191661      0.864289    
161     0.780477     0.654894     0.527343       0.565960   0.775257     0.256942     0.775257     0.704522     0.384615        0.704522        0.861781     0.192906      0.861781    
162     0.780144     0.656145     0.527820       0.565890   0.776394     0.256090     0.776394     0.704726     0.387036        0.704726        0.864289     0.191350      0.864289    
163     0.780378     0.656241     0.527546       0.565667   0.776582     0.254902     0.776582     0.704574     0.386709        0.704574        0.864985     0.190106      0.864985    
164     0.780372     0.655952     0.527422       0.565319   0.776325     0.255053     0.776325     0.704520     0.386120        0.704520        0.864428     0.190417      0.864428    
165     0.780567     0.655567     0.527659       0.565372   0.775850     0.256698     0.775850     0.704664     0.386009        0.704664        0.863035     0.192284      0.863035    
166     0.780200     0.658358     0.528992       0.565616   0.778291     0.255765     0.778291     0.705263     0.392031        0.705263        0.868190     0.189795      0.868190    
167     0.780395     0.657107     0.528087       0.565323   0.777299     0.255070     0.777299     0.704829     0.388783        0.704829        0.866379     0.189795      0.866379    
168     0.780384     0.656722     0.527980       0.565512   0.776937     0.255479     0.776937     0.704788     0.388079        0.704788        0.865543     0.190417      0.865543    
169     0.780226     0.656722     0.527980       0.565451   0.776937     0.255479     0.776937     0.704788     0.388079        0.704788        0.865543     0.190417      0.865543    
170     0.780486     0.656241     0.527803       0.565547   0.776499     0.255833     0.776499     0.704713     0.387137        0.704713        0.864567     0.191039      0.864567    
171     0.780353     0.657685     0.528591       0.565221   0.777729     0.255702     0.777729     0.705076     0.390415        0.705076        0.867075     0.190106      0.867075    
172     0.780526     0.655856     0.527525       0.565489   0.776192     0.255620     0.776192     0.704579     0.386164        0.704579        0.864010     0.191039      0.864010    
173     0.780493     0.655856     0.527181       0.565482   0.776304     0.254379     0.776304     0.704393     0.385588        0.704393        0.864567     0.189795      0.864567    
174     0.780442     0.658069     0.528869       0.565372   0.778035     0.255916     0.778035     0.705209     0.391416        0.705210        0.867633     0.190106      0.867633    
175     0.780460     0.658743     0.529271       0.565095   0.778596     0.255980     0.778596     0.705397     0.393041        0.705397        0.868747     0.189795      0.868747    
176     0.780315     0.658551     0.529132       0.565292   0.778444     0.255872     0.778444     0.705330     0.392535        0.705330        0.868469     0.189795      0.868469    
177     0.780516     0.658358     0.529078       0.565202   0.778264     0.256077     0.778264     0.705310     0.392169        0.705310        0.868051     0.190106      0.868051    
178     0.780759     0.658647     0.529201       0.564829   0.778520     0.255926     0.778520     0.705363     0.392788        0.705363        0.868608     0.189795      0.868608    
179     0.780694     0.658839     0.529427       0.565063   0.778645     0.256346     0.778645     0.705476     0.393432        0.705476        0.868747     0.190106      0.868747    
180     0.780846     0.658454     0.529148       0.565025   0.778340     0.256131     0.778340     0.705343     0.392421        0.705343        0.868190     0.190106      0.868190    
181     0.780618     0.659417     0.529673       0.564997   0.779158     0.256044     0.779158     0.705583     0.394686        0.705583        0.869862     0.189484      0.869862    
182     0.780542     0.659513     0.529485       0.564559   0.779316     0.255158     0.779316     0.705477     0.394531        0.705477        0.870419     0.188550      0.870419    
183     0.780450     0.659802     0.529780       0.564633   0.779517     0.255633     0.779517     0.705623     0.395440        0.705623        0.870698     0.188861      0.870698    
184     0.780626     0.659706     0.529968       0.564445   0.779359     0.256518     0.779359     0.705729     0.395590        0.705729        0.870141     0.189795      0.870141    
185     0.780696     0.659609     0.529812       0.564691   0.779310     0.256151     0.779310     0.705650     0.395198        0.705650        0.870141     0.189484      0.870141    
186     0.780781     0.659417     0.529673       0.564713   0.779158     0.256044     0.779158     0.705583     0.394686        0.705583        0.869862     0.189484      0.869862    
187     0.780827     0.659224     0.529791       0.564969   0.778922     0.256873     0.778922     0.705656     0.394584        0.705656        0.869165     0.190417      0.869165    
188     0.780761     0.659417     0.529845       0.564893   0.779102     0.256669     0.779102     0.705676     0.394958        0.705676        0.869583     0.190106      0.869583    
189     0.780654     0.659417     0.529845       0.564762   0.779102     0.256669     0.779102     0.705676     0.394958        0.705676        0.869583     0.190106      0.869583    
190     0.780775     0.659513     0.529828       0.564460   0.779206     0.256410     0.779206     0.705663     0.395078        0.705663        0.869862     0.189795      0.869862    
191     0.780430     0.659994     0.529747       0.564660   0.779724     0.255113     0.779724     0.705597     0.395683        0.705597        0.871255     0.188239      0.871255    
192     0.780590     0.660187     0.529972       0.564252   0.779849     0.255534     0.779849     0.705710     0.396337        0.705710        0.871395     0.188550      0.871395    
193     0.780683     0.659994     0.530005       0.564598   0.779642     0.256054     0.779642     0.705736     0.396091        0.705736        0.870837     0.189172      0.870837    
194     0.780949     0.659224     0.529619       0.564599   0.778978     0.256249     0.778978     0.705563     0.394312        0.705563        0.869444     0.189795      0.869444    
195     0.780563     0.660090     0.529989       0.564288   0.779746     0.255794     0.779746     0.705723     0.396214        0.705723        0.871116     0.188861      0.871116    
196     0.780808     0.659994     0.530263       0.564783   0.779559     0.256993     0.779559     0.705876     0.396496        0.705876        0.870419     0.190106      0.870419    
197     0.780718     0.659994     0.530177       0.564519   0.779587     0.256680     0.779587     0.705829     0.396361        0.705829        0.870559     0.189795      0.870559    
198     0.780723     0.659513     0.529657       0.564506   0.779261     0.255785     0.779261     0.705570     0.394805        0.705570        0.870141     0.189172      0.870141    
199     0.780870     0.659802     0.529780       0.564623   0.779517     0.255633     0.779517     0.705623     0.395440        0.705623        0.870698     0.188861      0.870698    
200     0.780745     0.659994     0.529919       0.564734   0.779669     0.255740     0.779669     0.705690     0.395956        0.705690        0.870977     0.188861      0.870977    
201     0.780945     0.659898     0.530021       0.564528   0.779538     0.256313     0.779538     0.705749     0.395969        0.705749        0.870559     0.189484      0.870559    
============================================================================================================================================

MATRICE DI CONFUSIONE SUL VALIDATION SET:
----------------------------------------
tp: 6248  fp: 2605  fn: 929   tn: 609  


STATISTICHE FINALI:
============================================================

🔹 LOSS:
   Rounds disponibili  : 201
   Valore iniziale     : 2.793900 
   Valore finale       : 0.780945 
   Valore minimo       : 0.778488 
   Valore massimo      : 2.793900 
   Valore medio        : 0.795703 
   Miglioramento       : -2.012955 📉

🔹 ACCURACY:
   Rounds disponibili  : 201
   Valore iniziale     : 0.531421 
   Valore finale       : 0.659898 
   Valore minimo       : 0.531421 
   Valore massimo      : 0.687037 
   Valore medio        : 0.654383 
   Miglioramento       : 0.128477  📈

🔹 BALANCEDACC:
   Rounds disponibili  : 201
   Valore iniziale     : 0.513469 
   Valore finale       : 0.530021 
   Valore minimo       : 0.505255 
   Valore massimo      : 0.530263 
   Valore medio        : 0.527067 
   Miglioramento       : 0.016552  📈

🔹 AUC:
   Rounds disponibili  : 201
   Valore iniziale     : 0.506858 
   Valore finale       : 0.564528 
   Valore minimo       : 0.506858 
   Valore massimo      : 0.577380 
   Valore medio        : 0.568802 
   Miglioramento       : 0.057670  📈

🔹 F1_SCORE:
   Rounds disponibili  : 201
   Valore iniziale     : 0.622997 
   Valore finale       : 0.779538 
   Valore minimo       : 0.622997 
   Valore massimo      : 0.809493 
   Valore medio        : 0.774608 
   Miglioramento       : 0.156542  📈

🔹 F1_NATURAL:
   Rounds disponibili  : 201
   Valore iniziale     : 0.381086 
   Valore finale       : 0.256313 
   Valore minimo       : 0.069063 
   Valore massimo      : 0.381086 
   Valore medio        : 0.255788 
   Miglioramento       : -0.124772 📉

🔹 F1_ATTACK:
   Rounds disponibili  : 201
   Valore iniziale     : 0.622997 
   Valore finale       : 0.779538 
   Valore minimo       : 0.622997 
   Valore massimo      : 0.809493 
   Valore medio        : 0.774608 
   Miglioramento       : 0.156542  📈

🔹 PRECISION:
   Rounds disponibili  : 201
   Valore iniziale     : 0.701115 
   Valore finale       : 0.705749 
   Valore minimo       : 0.693010 
   Valore massimo      : 0.705876 
   Valore medio        : 0.704409 
   Miglioramento       : 0.004634  📈

🔹 PRECISION_NAT:
   Rounds disponibili  : 201
   Valore iniziale     : 0.322158 
   Valore finale       : 0.395969 
   Valore minimo       : 0.322158 
   Valore massimo      : 0.471976 
   Valore medio        : 0.384944 
   Miglioramento       : 0.073811  📈

🔹 PRECISION_ATT:
   Rounds disponibili  : 201
   Valore iniziale     : 0.701115 
   Valore finale       : 0.705749 
   Valore minimo       : 0.693010 
   Valore massimo      : 0.705876 
   Valore medio        : 0.704409 
   Miglioramento       : 0.004634  📈

🔹 RECALL:
   Rounds disponibili  : 201
   Valore iniziale     : 0.560541 
   Valore finale       : 0.870559 
   Valore minimo       : 0.560541 
   Valore massimo      : 0.972551 
   Valore medio        : 0.860891 
   Miglioramento       : 0.310018  📈

🔹 RECALL_NAT:
   Rounds disponibili  : 201
   Valore iniziale     : 0.466397 
   Valore finale       : 0.189484 
   Valore minimo       : 0.037959 
   Valore massimo      : 0.466397 
   Valore medio        : 0.193242 
   Miglioramento       : -0.276914 📉

🔹 RECALL_ATT:
   Rounds disponibili  : 201
   Valore iniziale     : 0.560541 
   Valore finale       : 0.870559 
   Valore minimo       : 0.560541 
   Valore massimo      : 0.972551 
   Valore medio        : 0.860891 
   Miglioramento       : 0.310018  📈

