RESOCONTO ADDESTRAMENTO FEDERATO RANDOM FOREST SMARTGRID
Rounds totali: 50

TABELLA RIASSUNTIVA METRICHE:
============================================================================================================================================
Round   Loss         Accuracy     BalancedAcc    AUC        F1_Score     F1_Natural   F1_Attack    Precision    Precision_Nat   Precision_Att   Recall       Recall_Nat    Recall_Att  
--------------------------------------------------------------------------------------------------------------------------------------------
2       0.316716     0.683284     0.507091       0.580219   0.808674     0.080983     0.808674     0.693835     0.395095        0.693835        0.969068     0.045115      0.969068    
3       0.313829     0.686171     0.510642       0.594281   0.810374     0.090377     0.810374     0.695409     0.436658        0.695409        0.970879     0.050404      0.970879    
4       0.312482     0.687518     0.511875       0.592781   0.811276     0.092256     0.811276     0.695951     0.454545        0.695951        0.972412     0.051338      0.972412    
5       0.314214     0.685786     0.510449       0.595141   0.810075     0.090783     0.810075     0.695327     0.432361        0.695327        0.970183     0.050716      0.970183    
6       0.312963     0.687037     0.512557       0.595187   0.810666     0.098170     0.810666     0.696270     0.451531        0.696270        0.970043     0.055072      0.970043    
7       0.314888     0.685112     0.509618       0.595097   0.809679     0.088579     0.809679     0.694958     0.422872        0.694958        0.969765     0.049471      0.969765    
8       0.312482     0.687518     0.512304       0.594242   0.811166     0.094787     0.811166     0.696147     0.455764        0.696147        0.971715     0.052894      0.971715    
9       0.311712     0.688288     0.513119       0.593121   0.811653     0.096513     0.811653     0.696507     0.466307        0.696507        0.972412     0.053827      0.972412    
10      0.311616     0.688384     0.512502       0.594238   0.811897     0.092489     0.811897     0.696224     0.466102        0.696224        0.973666     0.051338      0.973666    
11      0.314118     0.685882     0.510776       0.593373   0.810078     0.092325     0.810078     0.695474     0.434555        0.695474        0.969904     0.051649      0.969904    
12      0.311038     0.688962     0.514380       0.593139   0.811940     0.101224     0.811940     0.697073     0.476440        0.697073        0.972133     0.056627      0.972133    
13      0.314310     0.685690     0.510637       0.593837   0.809939     0.092273     0.809939     0.695413     0.432292        0.695413        0.969625     0.051649      0.969625    
14      0.312097     0.687903     0.512927       0.594810   0.811355     0.096909     0.811355     0.696425     0.461538        0.696425        0.971715     0.054138      0.971715    
15      0.313348     0.686652     0.510732       0.592263   0.810786     0.088976     0.810786     0.695444     0.441667        0.695444        0.971994     0.049471      0.971994    
16      0.313541     0.686459     0.511194       0.595684   0.810493     0.092479     0.810493     0.695657     0.441489        0.695657        0.970740     0.051649      0.970740    
17      0.313348     0.686652     0.512193       0.597080   0.810411     0.097561     0.810411     0.696109     0.446701        0.696109        0.969625     0.054760      0.969625    
18      0.314214     0.685786     0.510621       0.595494   0.810031     0.091794     0.810031     0.695405     0.433071        0.695405        0.969904     0.051338      0.969904    
19      0.313541     0.686459     0.510851       0.593028   0.810581     0.090452     0.810581     0.695500     0.440217        0.695500        0.971297     0.050404      0.971297    
20      0.311808     0.688192     0.512448       0.593288   0.811737     0.092945     0.811737     0.696203     0.463687        0.696203        0.973248     0.051649      0.973248    
21      0.312386     0.687614     0.512889       0.595004   0.811103     0.097832     0.811103     0.696413     0.458333        0.696413        0.971019     0.054760      0.971019    
22      0.311423     0.688577     0.513844       0.592889   0.811729     0.099610     0.811729     0.696833     0.471053        0.696833        0.971994     0.055694      0.971994    
23      0.312674     0.687326     0.512079       0.593745   0.811050     0.094229     0.811050     0.696047     0.453083        0.696047        0.971576     0.052582      0.971576    
24      0.313348     0.686652     0.511076       0.594395   0.810698     0.091011     0.810698     0.695600     0.442935        0.695600        0.971437     0.050716      0.971437    
25      0.314888     0.685112     0.509790       0.594513   0.809635     0.089594     0.809635     0.695035     0.423684        0.695035        0.969486     0.050093      0.969486    
26      0.314407     0.685593     0.511426       0.593984   0.809649     0.097264     0.809649     0.695774     0.434568        0.695774        0.968093     0.054760      0.968093    
27      0.314022     0.685978     0.510674       0.595566   0.810191     0.091339     0.810191     0.695426     0.435013        0.695426        0.970322     0.051027      0.970322    
28      0.312386     0.687614     0.512889       0.593430   0.811103     0.097832     0.811103     0.696413     0.458333        0.696413        0.971019     0.054760      0.971019    
29      0.313829     0.686171     0.511243       0.593730   0.810219     0.093915     0.810219     0.695683     0.438961        0.695683        0.969904     0.052582      0.969904    
30      0.315465     0.684535     0.509372       0.591844   0.809219     0.089444     0.809219     0.694853     0.417098        0.694853        0.968650     0.050093      0.968650    
31      0.312097     0.687903     0.512583       0.595396   0.811443     0.094893     0.811443     0.696268     0.460705        0.696268        0.972273     0.052894      0.972273    
32      0.313348     0.686652     0.511162       0.591951   0.810676     0.091518     0.810676     0.695639     0.443243        0.695639        0.971297     0.051027      0.971297    
33      0.315080     0.684920     0.510939       0.595024   0.809163     0.097077     0.809163     0.695561     0.427184        0.695561        0.967117     0.054760      0.967117    
34      0.311327     0.688673     0.514257       0.596162   0.811711     0.101638     0.811711     0.697021     0.472868        0.697021        0.971576     0.056938      0.971576    
35      0.312386     0.687614     0.513319       0.595592   0.810993     0.100333     0.810993     0.696609     0.459391        0.696609        0.970322     0.056316      0.970322    
36      0.311327     0.688673     0.513226       0.594149   0.811973     0.095611     0.811973     0.696550     0.471074        0.696550        0.973248     0.053205      0.973248    
37      0.313156     0.686844     0.511473       0.593352   0.810770     0.092582     0.810770     0.695778     0.446237        0.695778        0.971297     0.051649      0.971297    
38      0.312386     0.687614     0.512632       0.595533   0.811169     0.096325     0.811169     0.696295     0.457672        0.696295        0.971437     0.053827      0.971437    
39      0.314503     0.685497     0.510412       0.593066   0.809823     0.091718     0.809823     0.695313     0.429688        0.695313        0.969486     0.051338      0.969486    
40      0.315465     0.684535     0.509629       0.595135   0.809152     0.090960     0.809152     0.694969     0.418367        0.694969        0.968232     0.051027      0.968232    
41      0.314214     0.685786     0.510535       0.592895   0.810053     0.091289     0.810053     0.695366     0.432718        0.695366        0.970043     0.051027      0.970043    
42      0.311808     0.688192     0.512878       0.591910   0.811628     0.095477     0.811628     0.696398     0.464674        0.696398        0.972551     0.053205      0.972551    
43      0.312482     0.687518     0.512820       0.596200   0.811034     0.097805     0.811034     0.696382     0.457143        0.696382        0.970879     0.054760      0.970879    
44      0.313252     0.686748     0.511403       0.595418   0.810701     0.092556     0.810701     0.695748     0.445040        0.695748        0.971158     0.051649      0.971158    
45      0.312193     0.687807     0.513544       0.597211   0.811110     0.100887     0.811110     0.696709     0.461929        0.696709        0.970461     0.056627      0.970461    
46      0.312963     0.687037     0.511441       0.593342   0.810952     0.091620     0.810952     0.695761     0.448087        0.695761        0.971855     0.051027      0.971855    
47      0.312289     0.687711     0.512444       0.595225   0.811304     0.094840     0.811304     0.696208     0.458221        0.696208        0.971994     0.052894      0.971994    
48      0.312193     0.687807     0.512427       0.595246   0.811395     0.094361     0.811395     0.696199     0.459239        0.696199        0.972273     0.052582      0.972273    
49      0.315754     0.684246     0.509592       0.593163   0.808900     0.091890     0.808900     0.694956     0.416040        0.694956        0.967535     0.051649      0.967535    
50      0.314214     0.685786     0.510020       0.593443   0.810185     0.088244     0.810185     0.695132     0.430518        0.695132        0.970879     0.049160      0.970879    
51      0.313829     0.686171     0.510556       0.594545   0.810396     0.089869     0.810396     0.695370     0.436314        0.695370        0.971019     0.050093      0.971019    
============================================================================================================================================

MATRICE DI CONFUSIONE SUL VALIDATION SET:
----------------------------------------
tp: 6969  fp: 3053  fn: 208   tn: 161  


STATISTICHE FINALI:
============================================================

🔹 LOSS:
   Rounds disponibili  : 50
   Valore iniziale     : 0.316716 
   Valore finale       : 0.313829 
   Valore minimo       : 0.311038 
   Valore massimo      : 0.316716 
   Valore medio        : 0.313267 
   Miglioramento       : -0.002887 📉

🔹 ACCURACY:
   Rounds disponibili  : 50
   Valore iniziale     : 0.683284 
   Valore finale       : 0.686171 
   Valore minimo       : 0.683284 
   Valore massimo      : 0.688962 
   Valore medio        : 0.686733 
   Miglioramento       : 0.002887  📈

🔹 BALANCEDACC:
   Rounds disponibili  : 50
   Valore iniziale     : 0.507091 
   Valore finale       : 0.510556 
   Valore minimo       : 0.507091 
   Valore massimo      : 0.514380 
   Valore medio        : 0.511590 
   Miglioramento       : 0.003464  📈

🔹 AUC:
   Rounds disponibili  : 50
   Valore iniziale     : 0.580219 
   Valore finale       : 0.594545 
   Valore minimo       : 0.580219 
   Valore massimo      : 0.597211 
   Valore medio        : 0.593987 
   Miglioramento       : 0.014326  📈

🔹 F1_SCORE:
   Rounds disponibili  : 50
   Valore iniziale     : 0.808674 
   Valore finale       : 0.810396 
   Valore minimo       : 0.808674 
   Valore massimo      : 0.811973 
   Valore medio        : 0.810639 
   Miglioramento       : 0.001722  📈

🔹 F1_NATURAL:
   Rounds disponibili  : 50
   Valore iniziale     : 0.080983 
   Valore finale       : 0.089869 
   Valore minimo       : 0.080983 
   Valore massimo      : 0.101638 
   Valore medio        : 0.093709 
   Miglioramento       : 0.008886  📈

🔹 F1_ATTACK:
   Rounds disponibili  : 50
   Valore iniziale     : 0.808674 
   Valore finale       : 0.810396 
   Valore minimo       : 0.808674 
   Valore massimo      : 0.811973 
   Valore medio        : 0.810639 
   Miglioramento       : 0.001722  📈

🔹 PRECISION:
   Rounds disponibili  : 50
   Valore iniziale     : 0.693835 
   Valore finale       : 0.695370 
   Valore minimo       : 0.693835 
   Valore massimo      : 0.697073 
   Valore medio        : 0.695833 
   Miglioramento       : 0.001535  📈

🔹 PRECISION_NAT:
   Rounds disponibili  : 50
   Valore iniziale     : 0.395095 
   Valore finale       : 0.436314 
   Valore minimo       : 0.395095 
   Valore massimo      : 0.476440 
   Valore medio        : 0.445646 
   Miglioramento       : 0.041219  📈

🔹 PRECISION_ATT:
   Rounds disponibili  : 50
   Valore iniziale     : 0.693835 
   Valore finale       : 0.695370 
   Valore minimo       : 0.693835 
   Valore massimo      : 0.697073 
   Valore medio        : 0.695833 
   Miglioramento       : 0.001535  📈

🔹 RECALL:
   Rounds disponibili  : 50
   Valore iniziale     : 0.969068 
   Valore finale       : 0.971019 
   Valore minimo       : 0.967117 
   Valore massimo      : 0.973666 
   Valore medio        : 0.970815 
   Miglioramento       : 0.001951  📈

🔹 RECALL_NAT:
   Rounds disponibili  : 50
   Valore iniziale     : 0.045115 
   Valore finale       : 0.050093 
   Valore minimo       : 0.045115 
   Valore massimo      : 0.056938 
   Valore medio        : 0.052365 
   Miglioramento       : 0.004978  📈

🔹 RECALL_ATT:
   Rounds disponibili  : 50
   Valore iniziale     : 0.969068 
   Valore finale       : 0.971019 
   Valore minimo       : 0.967117 
   Valore massimo      : 0.973666 
   Valore medio        : 0.970815 
   Miglioramento       : 0.001951  📈

