RESOCONTO ADDESTRAMENTO FEDERATO SMARTGRID
Rounds totali: 51

TABELLA RIASSUNTIVA METRICHE:
============================================================================================================================================
Round   Loss         Accuracy     BalancedAcc    AUC        F1_Score     F1_Natural   F1_Attack    Precision    Precision_Nat   Precision_Att   Recall       Recall_Nat    Recall_Att  
--------------------------------------------------------------------------------------------------------------------------------------------
1       2.793900     0.531421     0.513469       0.506858   0.622997     0.381086     0.622997     0.701115     0.322158        0.701115        0.560541     0.466397      0.560541    
2       1.486726     0.669714     0.511786       0.553954   0.794761     0.154680     0.794761     0.696176     0.371158        0.696176        0.925874     0.097698      0.925874    
3       1.072806     0.681551     0.515115       0.567038   0.804974     0.132634     0.804974     0.697549     0.420965        0.697549        0.951512     0.078718      0.951512    
4       0.882547     0.682802     0.506829       0.565398   0.808305     0.081382     0.808305     0.693721     0.390374        0.693721        0.968232     0.045426      0.968232    
5       0.828862     0.687903     0.519112       0.563309   0.809761     0.131727     0.809761     0.699291     0.472169        0.699291        0.961683     0.076540      0.961683    
6       0.799070     0.682514     0.523199       0.562704   0.803689     0.170480     0.803689     0.701392     0.444299        0.701392        0.940922     0.105476      0.940922    
7       0.792192     0.676740     0.524946       0.566600   0.797736     0.195449     0.797736     0.702439     0.424558        0.702439        0.922948     0.126945      0.922948    
8       0.789415     0.669425     0.529702       0.566111   0.789225     0.234114     0.789225     0.705154     0.413061        0.705154        0.896057     0.163348      0.896057    
9       0.786859     0.666538     0.531907       0.566648   0.785675     0.249187     0.785675     0.706452     0.410421        0.706452        0.884910     0.178905      0.884910    
10      0.784933     0.659898     0.530279       0.567015   0.779456     0.257251     0.779456     0.705889     0.396373        0.705889        0.870141     0.190417      0.870141    
11      0.782916     0.657877     0.531307       0.569519   0.777046     0.265040     0.777046     0.706547     0.394948        0.706547        0.863174     0.199440      0.863174    
12      0.781821     0.656241     0.531755       0.569099   0.775205     0.269828     0.775205     0.706875     0.393325        0.706875        0.858158     0.205352      0.858158    
13      0.781025     0.653739     0.530115       0.570675   0.773140     0.268996     0.773140     0.706092     0.387588        0.706092        0.854257     0.205974      0.854257    
14      0.779833     0.654220     0.530549       0.571213   0.773498     0.269567     0.773498     0.706309     0.388856        0.706309        0.854814     0.206285      0.854814    
15      0.778880     0.654316     0.530619       0.571687   0.773575     0.269622     0.773575     0.706343     0.389085        0.706343        0.854953     0.206285      0.854953    
16      0.778338     0.654605     0.530914       0.571862   0.773779     0.270083     0.773779     0.706492     0.389900        0.706492        0.855232     0.206596      0.855232    
17      0.777943     0.655086     0.531864       0.573089   0.773966     0.272432     0.773966     0.706994     0.391939        0.706994        0.854953     0.208774      0.854953    
18      0.777501     0.654509     0.531789       0.574601   0.773387     0.273279     0.773387     0.706982     0.391078        0.706982        0.853560     0.210019      0.853560    
19      0.777778     0.653643     0.531764       0.575492   0.772489     0.274834     0.772489     0.707012     0.389937        0.707012        0.851331     0.212197      0.851331    
20      0.777985     0.653643     0.531935       0.576374   0.772431     0.275418     0.772431     0.707108     0.390188        0.707108        0.851052     0.212819      0.851052    
21      0.777859     0.653065     0.531002       0.576533   0.772138     0.273332     0.772138     0.706617     0.388094        0.706617        0.851052     0.210952      0.851052    
22      0.778201     0.650371     0.529223       0.577058   0.769903     0.272381     0.769903     0.705759     0.382237        0.705759        0.846872     0.211574      0.846872    
23      0.778791     0.649216     0.528988       0.577415   0.768762     0.273760     0.768762     0.705684     0.380609        0.705684        0.844225     0.213752      0.844225    
24      0.778456     0.648735     0.528640       0.577376   0.768372     0.273487     0.768372     0.705512     0.379558        0.705512        0.843528     0.213752      0.843528    
25      0.778255     0.648350     0.527588       0.577471   0.768324     0.270659     0.768324     0.704945     0.377506        0.704945        0.844225     0.210952      0.844225    
26      0.778392     0.647965     0.527396       0.577374   0.767982     0.270734     0.767982     0.704855     0.376804        0.704855        0.843528     0.211263      0.843528    
27      0.778334     0.648253     0.527776       0.577219   0.768157     0.271477     0.768157     0.705054     0.377704        0.705054        0.843667     0.211886      0.843667    
28      0.778576     0.648157     0.528050       0.577228   0.767961     0.272583     0.767961     0.705210     0.378035        0.705210        0.842971     0.213130      0.842971    
29      0.778342     0.648542     0.527728       0.577053   0.768480     0.270767     0.768480     0.705013     0.377926        0.705013        0.844503     0.210952      0.844503    
30      0.778232     0.648927     0.527835       0.577039   0.768851     0.270400     0.768851     0.705055     0.378499        0.705055        0.845339     0.210330      0.845339    
31      0.778337     0.648831     0.527937       0.576810   0.768714     0.270929     0.768714     0.705116     0.378559        0.705116        0.844921     0.210952      0.844921    
32      0.778302     0.649216     0.527958       0.576640   0.769114     0.270270     0.769114     0.705110     0.379001        0.705110        0.845897     0.210019      0.845897    
33      0.778281     0.649408     0.527925       0.576647   0.769328     0.269794     0.769328     0.705084     0.379155        0.705084        0.846454     0.209396      0.846454    
34      0.778318     0.649889     0.528188       0.576244   0.769747     0.269771     0.769747     0.705207     0.380090        0.705207        0.847290     0.209085      0.847290    
35      0.778407     0.649601     0.528150       0.576450   0.769455     0.270194     0.769455     0.705200     0.379718        0.705200        0.846593     0.209708      0.846593    
36      0.778616     0.649216     0.527872       0.576459   0.769143     0.269978     0.769143     0.705063     0.378865        0.705063        0.846036     0.209708      0.846036    
37      0.778236     0.649889     0.527930       0.576404   0.769834     0.268891     0.769834     0.705064     0.379682        0.705064        0.847708     0.208152      0.847708    
38      0.778212     0.650467     0.528348       0.576368   0.770301     0.269215     0.770301     0.705269     0.380979        0.705269        0.848544     0.208152      0.848544    
39      0.778230     0.651044     0.528766       0.576247   0.770767     0.269541     0.770767     0.705474     0.382286        0.705474        0.849380     0.208152      0.849380    
40      0.778655     0.650274     0.528380       0.576041   0.770087     0.269695     0.770087     0.705296     0.380817        0.705296        0.847987     0.208774      0.847987    
41      0.778351     0.650852     0.528541       0.575882   0.770641     0.269138     0.770641     0.705358     0.381714        0.705358        0.849241     0.207841      0.849241    
42      0.778640     0.650467     0.528520       0.576013   0.770243     0.269803     0.770243     0.705364     0.381250        0.705364        0.848265     0.208774      0.848265    
43      0.778428     0.651140     0.528836       0.575995   0.770845     0.269595     0.770845     0.705508     0.382504        0.705508        0.849519     0.208152      0.849519    
44      0.778331     0.651814     0.529066       0.575869   0.771476     0.269091     0.771475     0.705604     0.383641        0.705604        0.850913     0.207218      0.850913    
45      0.778206     0.652199     0.529344       0.575721   0.771786     0.269309     0.771786     0.705740     0.384527        0.705740        0.851470     0.207218      0.851470    
46      0.778559     0.651525     0.529028       0.575756   0.771185     0.269518     0.771185     0.705597     0.383247        0.705597        0.850216     0.207841      0.850216    
47      0.778688     0.651333     0.529147       0.575765   0.770943     0.270292     0.770943     0.705671     0.383210        0.705671        0.849519     0.208774      0.849519    
48      0.778232     0.651814     0.528894       0.575421   0.771533     0.268500     0.771533     0.705509     0.383372        0.705509        0.851191     0.206596      0.851191    
49      0.778155     0.652391     0.529398       0.575703   0.771970     0.269122     0.771970     0.705760     0.384838        0.705760        0.851888     0.206907      0.851888    
50      0.778326     0.651910     0.529221       0.575678   0.771524     0.269441     0.771524     0.705685     0.383995        0.705685        0.850913     0.207530      0.850913    
51      0.778615     0.651814     0.529495       0.575330   0.771331     0.270565     0.771331     0.705842     0.384307        0.705842        0.850216     0.208774      0.850216    
============================================================================================================================================

MATRICE DI CONFUSIONE SUL VALIDATION SET:
----------------------------------------
tp: 6102  fp: 2543  fn: 1075  tn: 671  


STATISTICHE FINALI:
============================================================

🔹 LOSS:
   Rounds disponibili  : 51
   Valore iniziale     : 2.793900 
   Valore finale       : 0.778615 
   Valore minimo       : 0.777501 
   Valore massimo      : 2.793900 
   Valore medio        : 0.841978 
   Miglioramento       : -2.015285 📉

🔹 ACCURACY:
   Rounds disponibili  : 51
   Valore iniziale     : 0.531421 
   Valore finale       : 0.651814 
   Valore minimo       : 0.531421 
   Valore massimo      : 0.687903 
   Valore medio        : 0.653197 
   Miglioramento       : 0.120393  📈

🔹 BALANCEDACC:
   Rounds disponibili  : 51
   Valore iniziale     : 0.513469 
   Valore finale       : 0.529495 
   Valore minimo       : 0.506829 
   Valore massimo      : 0.531935 
   Valore medio        : 0.527532 
   Miglioramento       : 0.016026  📈

🔹 AUC:
   Rounds disponibili  : 51
   Valore iniziale     : 0.506858 
   Valore finale       : 0.575330 
   Valore minimo       : 0.506858 
   Valore massimo      : 0.577471 
   Valore medio        : 0.572127 
   Miglioramento       : 0.068472  📈

🔹 F1_SCORE:
   Rounds disponibili  : 51
   Valore iniziale     : 0.622997 
   Valore finale       : 0.771331 
   Valore minimo       : 0.622997 
   Valore massimo      : 0.809761 
   Valore medio        : 0.772627 
   Miglioramento       : 0.148335  📈

🔹 F1_NATURAL:
   Rounds disponibili  : 51
   Valore iniziale     : 0.381086 
   Valore finale       : 0.270565 
   Valore minimo       : 0.081382 
   Valore massimo      : 0.381086 
   Valore medio        : 0.256457 
   Miglioramento       : -0.110521 📉

🔹 F1_ATTACK:
   Rounds disponibili  : 51
   Valore iniziale     : 0.622997 
   Valore finale       : 0.771331 
   Valore minimo       : 0.622997 
   Valore massimo      : 0.809761 
   Valore medio        : 0.772627 
   Miglioramento       : 0.148335  📈

🔹 PRECISION:
   Rounds disponibili  : 51
   Valore iniziale     : 0.701115 
   Valore finale       : 0.705842 
   Valore minimo       : 0.693721 
   Valore massimo      : 0.707108 
   Valore medio        : 0.704768 
   Miglioramento       : 0.004726  📈

🔹 PRECISION_NAT:
   Rounds disponibili  : 51
   Valore iniziale     : 0.322158 
   Valore finale       : 0.384307 
   Valore minimo       : 0.322158 
   Valore massimo      : 0.472169 
   Valore medio        : 0.387943 
   Miglioramento       : 0.062149  📈

🔹 PRECISION_ATT:
   Rounds disponibili  : 51
   Valore iniziale     : 0.701115 
   Valore finale       : 0.705842 
   Valore minimo       : 0.693721 
   Valore massimo      : 0.707108 
   Valore medio        : 0.704768 
   Miglioramento       : 0.004726  📈

🔹 RECALL:
   Rounds disponibili  : 51
   Valore iniziale     : 0.560541 
   Valore finale       : 0.850216 
   Valore minimo       : 0.560541 
   Valore massimo      : 0.968232 
   Valore medio        : 0.857027 
   Miglioramento       : 0.289675  📈

🔹 RECALL_NAT:
   Rounds disponibili  : 51
   Valore iniziale     : 0.466397 
   Valore finale       : 0.208774 
   Valore minimo       : 0.045426 
   Valore massimo      : 0.466397 
   Valore medio        : 0.198037 
   Miglioramento       : -0.257623 📉

🔹 RECALL_ATT:
   Rounds disponibili  : 51
   Valore iniziale     : 0.560541 
   Valore finale       : 0.850216 
   Valore minimo       : 0.560541 
   Valore massimo      : 0.968232 
   Valore medio        : 0.857027 
   Miglioramento       : 0.289675  📈

