RESOCONTO ADDESTRAMENTO FEDERATO SMARTGRID
Rounds totali: 51

TABELLA RIASSUNTIVA METRICHE:
============================================================================================================================================
Round   Loss         Accuracy     BalancedAcc    AUC        F1_Score     F1_Natural   F1_Attack    Precision    Precision_Nat   Precision_Att   Recall       Recall_Nat    Recall_Att  
--------------------------------------------------------------------------------------------------------------------------------------------
1       3.023283     0.530748     0.512036       0.506422   0.622893     0.379012     0.622892     0.699983     0.320828        0.699983        0.561098     0.462974      0.561098    
2       1.761056     0.669714     0.512645       0.557353   0.794516     0.158824     0.794516     0.696588     0.374134        0.696588        0.924481     0.100809      0.924481    
3       1.202507     0.675007     0.512869       0.574122   0.799477     0.143111     0.799477     0.696606     0.387895        0.696606        0.937996     0.087741      0.937996    
4       0.914609     0.681936     0.512817       0.568537   0.805942     0.118902     0.805942     0.696468     0.415270        0.696468        0.956249     0.069384      0.956249    
5       0.800868     0.684438     0.518408       0.572763   0.806765     0.140047     0.806765     0.699040     0.445743        0.699040        0.953741     0.083074      0.953741    
6       0.770173     0.675873     0.525866       0.573184   0.796643     0.201896     0.796643     0.702930     0.423459        0.702930        0.919186     0.132545      0.919186    
7       0.765578     0.669522     0.532607       0.574932   0.788443     0.245275     0.788443     0.706681     0.417665        0.706681        0.891598     0.173615      0.891598    
8       0.764443     0.660475     0.531814       0.572344   0.779555     0.261616     0.779555     0.706695     0.399616        0.706695        0.869165     0.194462      0.869165    
9       0.762057     0.658839     0.535354       0.576302   0.776721     0.277268     0.776721     0.708736     0.402129        0.708736        0.859133     0.211574      0.859133    
10      0.761429     0.654605     0.535639       0.574798   0.772199     0.286055     0.772199     0.709140     0.396580        0.709140        0.847569     0.223709      0.847569    
11      0.760918     0.653450     0.536263       0.572825   0.770768     0.290164     0.770768     0.709564     0.395912        0.709564        0.843528     0.228998      0.843528    
12      0.760923     0.652488     0.536425       0.572396   0.769692     0.292377     0.769692     0.709715     0.394918        0.709715        0.840741     0.232110      0.840741    
13      0.761089     0.650659     0.536218       0.571119   0.767814     0.294872     0.767814     0.709708     0.392451        0.709708        0.836283     0.236154      0.836283    
14      0.761166     0.649216     0.535689       0.569569   0.766451     0.295652     0.766451     0.709490     0.390107        0.709490        0.833357     0.238021      0.833357    
15      0.761225     0.646521     0.532192       0.569383   0.764777     0.289143     0.764777     0.707632     0.382488        0.707632        0.831963     0.232421      0.831963    
16      0.760984     0.644404     0.530058       0.569713   0.763247     0.285990     0.763247     0.706524     0.377358        0.706524        0.829873     0.230243      0.829873    
17      0.760798     0.642672     0.527601       0.570397   0.762246     0.281123     0.762246     0.705213     0.372117        0.705213        0.829316     0.225887      0.829316    
18      0.760468     0.642094     0.525981       0.570762   0.762197     0.276881     0.762197     0.704325     0.369103        0.704325        0.830431     0.221531      0.830431    
19      0.760526     0.642094     0.525723       0.570486   0.762288     0.276037     0.762288     0.704180     0.368695        0.704180        0.830849     0.220597      0.830849    
20      0.760688     0.642094     0.526067       0.571262   0.762167     0.277162     0.762167     0.704374     0.369239        0.704374        0.830291     0.221842      0.830291    
21      0.760507     0.641709     0.525960       0.571615   0.761789     0.277508     0.761789     0.704330     0.368747        0.704330        0.829455     0.222464      0.829455    
22      0.760606     0.641132     0.525370       0.571983   0.761375     0.276625     0.761375     0.704024     0.367336        0.704024        0.828898     0.221842      0.828898    
23      0.760536     0.640554     0.525124       0.572422   0.760838     0.276864     0.760838     0.703910     0.366479        0.703910        0.827783     0.222464      0.827783    
24      0.760150     0.640747     0.525177       0.572838   0.761027     0.276691     0.761027     0.703932     0.366718        0.703932        0.828201     0.222153      0.828201    
25      0.760213     0.640073     0.524689       0.573808   0.760471     0.276316     0.760471     0.703686     0.365404        0.703686        0.827226     0.222153      0.827226    
26      0.760301     0.640554     0.525296       0.574066   0.760776     0.277423     0.760776     0.704007     0.366752        0.704007        0.827505     0.223086      0.827505    
27      0.759844     0.641035     0.525300       0.574094   0.761295     0.276571     0.761295     0.703989     0.367147        0.703989        0.828759     0.221842      0.828759    
28      0.760090     0.640073     0.524947       0.574419   0.760379     0.277155     0.760379     0.703831     0.365816        0.703831        0.826808     0.223086      0.826808    
29      0.760073     0.640266     0.524915       0.574444   0.760599     0.276703     0.760599     0.703805     0.365916        0.703805        0.827365     0.222464      0.827365    
30      0.759755     0.640651     0.525022       0.574889   0.760978     0.276357     0.760978     0.703848     0.366393        0.703848        0.828201     0.221842      0.828201    
31      0.759583     0.640554     0.524952       0.574572   0.760899     0.276303     0.760899     0.703813     0.366204        0.703813        0.828062     0.221842      0.828062    
32      0.759672     0.640747     0.525091       0.574677   0.761057     0.276410     0.761057     0.703883     0.366581        0.703883        0.828341     0.221842      0.828341    
33      0.759592     0.640939     0.524973       0.574867   0.761308     0.275675     0.761308     0.703809     0.366546        0.703809        0.829037     0.220909      0.829037    
34      0.760066     0.640362     0.525070       0.575053   0.760648     0.277036     0.760648     0.703888     0.366240        0.703888        0.827365     0.222775      0.827365    
35      0.760046     0.640747     0.525435       0.574931   0.760935     0.277530     0.760935     0.704077     0.367127        0.704077        0.827783     0.223086      0.827783    
36      0.760022     0.641420     0.525923       0.574710   0.761490     0.277907     0.761490     0.704322     0.368448        0.704322        0.828759     0.223086      0.828759    
37      0.760001     0.641517     0.526078       0.574854   0.761539     0.278241     0.761539     0.704405     0.368772        0.704405        0.828759     0.223398      0.828759    
38      0.759407     0.641228     0.525354       0.574709   0.761484     0.276398     0.761484     0.704010     0.367389        0.704010        0.829177     0.221531      0.829177    
39      0.759451     0.641228     0.525697       0.574748   0.761362     0.277519     0.761362     0.704204     0.367934        0.704204        0.828619     0.222775      0.828619    
40      0.759091     0.641035     0.524871       0.574716   0.761448     0.275165     0.761448     0.703748     0.366460        0.703747        0.829455     0.220286      0.829455    
41      0.759515     0.641324     0.526025       0.574740   0.761350     0.278412     0.761350     0.704384     0.368529        0.704384        0.828341     0.223709      0.828341    
42      0.759224     0.641805     0.526029       0.574498   0.761868     0.277562     0.761868     0.704365     0.368937        0.704365        0.829595     0.222464      0.829595    
43      0.759506     0.641420     0.526180       0.574584   0.761399     0.278746     0.761399     0.704467     0.368852        0.704467        0.828341     0.224020      0.828341    
44      0.759260     0.641902     0.526271       0.574483   0.761886     0.278177     0.761886     0.704497     0.369397        0.704497        0.829455     0.223086      0.829455    
45      0.759413     0.641324     0.525939       0.574017   0.761380     0.278133     0.761380     0.704335     0.368394        0.704335        0.828480     0.223398      0.828480    
46      0.759651     0.640747     0.525778       0.573123   0.760812     0.278647     0.760812     0.704270     0.367670        0.704270        0.827226     0.224331      0.827226    
47      0.759502     0.641132     0.525971       0.573477   0.761161     0.278584     0.761161     0.704362     0.368286        0.704362        0.827923     0.224020      0.827923    
48      0.759304     0.641132     0.525628       0.573117   0.761283     0.277466     0.761283     0.704169     0.367745        0.704169        0.828480     0.222775      0.828480    
49      0.759183     0.641228     0.525525       0.573563   0.761423     0.276959     0.761423     0.704107     0.367662        0.704107        0.828898     0.222153      0.828898    
50      0.759225     0.641228     0.525611       0.573802   0.761393     0.277239     0.761393     0.704155     0.367798        0.704155        0.828759     0.222464      0.828759    
51      0.759045     0.641805     0.525943       0.573654   0.761899     0.277282     0.761899     0.704317     0.368802        0.704317        0.829734     0.222153      0.829734    
============================================================================================================================================

MATRICE DI CONFUSIONE SUL VALIDATION SET:
----------------------------------------
tp: 5955  fp: 2500  fn: 1222  tn: 714  


STATISTICHE FINALI:
============================================================

🔹 LOSS:
   Rounds disponibili  : 51
   Valore iniziale     : 3.023283 
   Valore finale       : 0.759045 
   Valore minimo       : 0.759045 
   Valore massimo      : 3.023283 
   Valore medio        : 0.836993 
   Miglioramento       : -2.264239 📉

🔹 ACCURACY:
   Rounds disponibili  : 51
   Valore iniziale     : 0.530748 
   Valore finale       : 0.641805 
   Valore minimo       : 0.530748 
   Valore massimo      : 0.684438 
   Valore medio        : 0.645068 
   Miglioramento       : 0.111058  📈

🔹 BALANCEDACC:
   Rounds disponibili  : 51
   Valore iniziale     : 0.512036 
   Valore finale       : 0.525943 
   Valore minimo       : 0.512036 
   Valore massimo      : 0.536425 
   Valore medio        : 0.526126 
   Miglioramento       : 0.013907  📈

🔹 AUC:
   Rounds disponibili  : 51
   Valore iniziale     : 0.506422 
   Valore finale       : 0.573654 
   Valore minimo       : 0.506422 
   Valore massimo      : 0.576302 
   Valore medio        : 0.571650 
   Miglioramento       : 0.067232  📈

🔹 F1_SCORE:
   Rounds disponibili  : 51
   Valore iniziale     : 0.622893 
   Valore finale       : 0.761899 
   Valore minimo       : 0.622893 
   Valore massimo      : 0.806765 
   Valore medio        : 0.764556 
   Miglioramento       : 0.139006  📈

🔹 F1_NATURAL:
   Rounds disponibili  : 51
   Valore iniziale     : 0.379012 
   Valore finale       : 0.277282 
   Valore minimo       : 0.118902 
   Valore massimo      : 0.379012 
   Valore medio        : 0.267941 
   Miglioramento       : -0.101730 📉

🔹 F1_ATTACK:
   Rounds disponibili  : 51
   Valore iniziale     : 0.622892 
   Valore finale       : 0.761899 
   Valore minimo       : 0.622892 
   Valore massimo      : 0.806765 
   Valore medio        : 0.764556 
   Miglioramento       : 0.139006  📈

🔹 PRECISION:
   Rounds disponibili  : 51
   Valore iniziale     : 0.699983 
   Valore finale       : 0.704317 
   Valore minimo       : 0.696468 
   Valore massimo      : 0.709715 
   Valore medio        : 0.704324 
   Miglioramento       : 0.004334  📈

🔹 PRECISION_NAT:
   Rounds disponibili  : 51
   Valore iniziale     : 0.320828 
   Valore finale       : 0.368802 
   Valore minimo       : 0.320828 
   Valore massimo      : 0.445743 
   Valore medio        : 0.376200 
   Miglioramento       : 0.047974  📈

🔹 PRECISION_ATT:
   Rounds disponibili  : 51
   Valore iniziale     : 0.699983 
   Valore finale       : 0.704317 
   Valore minimo       : 0.696468 
   Valore massimo      : 0.709715 
   Valore medio        : 0.704324 
   Miglioramento       : 0.004334  📈

🔹 RECALL:
   Rounds disponibili  : 51
   Valore iniziale     : 0.561098 
   Valore finale       : 0.829734 
   Valore minimo       : 0.561098 
   Valore massimo      : 0.956249 
   Valore medio        : 0.837993 
   Miglioramento       : 0.268636  📈

🔹 RECALL_NAT:
   Rounds disponibili  : 51
   Valore iniziale     : 0.462974 
   Valore finale       : 0.222153 
   Valore minimo       : 0.069384 
   Valore massimo      : 0.462974 
   Valore medio        : 0.214259 
   Miglioramento       : -0.240821 📉

🔹 RECALL_ATT:
   Rounds disponibili  : 51
   Valore iniziale     : 0.561098 
   Valore finale       : 0.829734 
   Valore minimo       : 0.561098 
   Valore massimo      : 0.956249 
   Valore medio        : 0.837993 
   Miglioramento       : 0.268636  📈

