RESOCONTO ADDESTRAMENTO FEDERATO SMARTGRID
Rounds totali: 51

TABELLA RIASSUNTIVA METRICHE:
============================================================================================================================================
Round   Loss         Accuracy     BalancedAcc    AUC        F1_Score     F1_Natural   F1_Attack    Precision    Precision_Nat   Precision_Att   Recall       Recall_Nat    Recall_Att  
--------------------------------------------------------------------------------------------------------------------------------------------
1       2.756570     0.495236     0.464596       0.445477   0.598607     0.320156     0.598607     0.664007     0.274383        0.664007        0.544935     0.384256      0.544935    
2       1.640721     0.677221     0.528817       0.579469   0.797096     0.211195     0.797096     0.704373     0.432563        0.704373        0.917932     0.139701      0.917932    
3       1.166831     0.693100     0.555602       0.612799   0.804823     0.282242     0.804823     0.717638     0.510171        0.717638        0.916121     0.195084      0.916121    
4       0.917985     0.691849     0.581928       0.644166   0.795947     0.370923     0.795947     0.733412     0.503198        0.733412        0.870141     0.293715      0.870141    
5       0.797423     0.679434     0.593386       0.663341   0.779214     0.415101     0.779214     0.743110     0.476421        0.743110        0.819005     0.367766      0.819005    
6       0.752348     0.672216     0.595033       0.667077   0.770671     0.425632     0.770671     0.745668     0.464654        0.745668        0.797408     0.392657      0.797408    
7       0.740510     0.661919     0.602869       0.671182   0.755855     0.450493     0.755855     0.754021     0.452973        0.754021        0.757698     0.448040      0.757698    
8       0.735028     0.672216     0.611784       0.673613   0.764486     0.461076     0.764486     0.758820     0.469092        0.758819        0.770238     0.453329      0.770238    
9       0.729997     0.672890     0.612615       0.674692   0.764954     0.462269     0.764954     0.759336     0.470229        0.759336        0.770656     0.454574      0.770656    
10      0.724523     0.673467     0.612002       0.679239   0.765855     0.460658     0.765855     0.758682     0.470913        0.758682        0.773164     0.450840      0.773164    
11      0.732265     0.662785     0.607448       0.674852   0.755068     0.458925     0.755068     0.757610     0.455549        0.757610        0.752543     0.462352      0.752543    
12      0.728425     0.663363     0.598674       0.673191   0.759190     0.440857     0.759190     0.750306     0.453320        0.750306        0.768288     0.429060      0.768288    
13      0.728013     0.657588     0.596384       0.672136   0.753294     0.440566     0.753294     0.749758     0.445327        0.749758        0.756862     0.435905      0.756862    
14      0.726138     0.656048     0.591661       0.671872   0.753347     0.431977     0.753347     0.746342     0.441520        0.746342        0.760485     0.422838      0.760485    
15      0.727789     0.652391     0.590045       0.671383   0.749653     0.431539     0.749653     0.745828     0.436624        0.745828        0.753518     0.426571      0.753518    
16      0.732090     0.650755     0.587572       0.668345   0.748702     0.427693     0.748702     0.744218     0.433642        0.744218        0.753240     0.421904      0.753240    
17      0.733170     0.647772     0.584124       0.668222   0.746537     0.422895     0.746537     0.742118     0.428708        0.742118        0.751010     0.417237      0.751010    
18      0.733315     0.648735     0.584047       0.665970   0.747719     0.421920     0.747719     0.741874     0.429677        0.741874        0.753658     0.414437      0.753658    
19      0.732612     0.644885     0.577739       0.665452   0.745693     0.411671     0.745693     0.737761     0.422171        0.737761        0.753797     0.401680      0.753797    
20      0.733784     0.649601     0.585190       0.666209   0.748289     0.423619     0.748289     0.742591     0.431196        0.742591        0.754076     0.416304      0.754076    
21      0.733620     0.648253     0.585159       0.665863   0.746691     0.424681     0.746691     0.742830     0.429755        0.742830        0.750592     0.419726      0.750592    
22      0.731614     0.649408     0.585652       0.665529   0.747872     0.424759     0.747872     0.742987     0.431228        0.742987        0.752822     0.418482      0.752822    
23      0.732195     0.649504     0.585378       0.665160   0.748098     0.424099     0.748098     0.742755     0.431190        0.742755        0.753518     0.417237      0.753518    
24      0.729630     0.654316     0.589462       0.666601   0.752173     0.428753     0.752173     0.744977     0.438517        0.744977        0.759510     0.419415      0.759510    
25      0.726925     0.652199     0.587672       0.666985   0.750380     0.426713     0.750380     0.744008     0.435275        0.744008        0.756862     0.418482      0.756862    
26      0.726534     0.652873     0.590307       0.666604   0.750121     0.431700     0.750121     0.745935     0.437281        0.745936        0.754354     0.426260      0.754354    
27      0.726929     0.655471     0.594336       0.667073   0.751596     0.437991     0.751596     0.748583     0.442015        0.748583        0.754633     0.434039      0.754633    
28      0.727054     0.656048     0.595011       0.667922   0.752012     0.438932     0.752012     0.748998     0.442966        0.748998        0.755051     0.434972      0.755051    
29      0.730898     0.653065     0.592938       0.665984   0.749287     0.436983     0.749287     0.747987     0.438696        0.747987        0.750592     0.435283      0.750592    
30      0.730676     0.653739     0.593855       0.666649   0.749722     0.438339     0.749722     0.748576     0.439850        0.748576        0.750871     0.436839      0.750871    
31      0.729782     0.654701     0.595496       0.668076   0.750209     0.440947     0.750209     0.749687     0.441635        0.749687        0.750732     0.440261      0.750732    
32      0.730778     0.653546     0.595863       0.668883   0.748674     0.442552     0.748674     0.750245     0.440506        0.750245        0.747109     0.444617      0.747109    
33      0.727687     0.654124     0.595594       0.669763   0.749477     0.441579     0.749477     0.749895     0.441030        0.749895        0.749059     0.442128      0.749059    
34      0.726335     0.653065     0.596116       0.671113   0.747990     0.443415     0.747990     0.750561     0.440086        0.750561        0.745437     0.446795      0.745437    
35      0.729663     0.653643     0.598166       0.669107   0.747846     0.447073     0.747846     0.752114     0.441578        0.752114        0.743625     0.452707      0.743625    
36      0.728605     0.656048     0.601368       0.669748   0.749439     0.451672     0.749439     0.754198     0.445521        0.754198        0.744740     0.457996      0.744740    
37      0.726979     0.657203     0.600314       0.668916   0.751257     0.448777     0.751257     0.753045     0.446429        0.753045        0.749478     0.451151      0.749477    
38      0.729633     0.655279     0.597718       0.667736   0.750000     0.444995     0.750000     0.751363     0.443210        0.751363        0.748641     0.446795      0.748641    
39      0.726810     0.656915     0.602425       0.671366   0.750053     0.453137     0.750053     0.754869     0.446899        0.754869        0.745297     0.459552      0.745297    
40      0.724355     0.659128     0.604199       0.672470   0.751996     0.455077     0.751996     0.755806     0.450091        0.755806        0.748223     0.460174      0.748223    
41      0.728780     0.653354     0.599675       0.670139   0.746873     0.450244     0.746873     0.753438     0.441881        0.753438        0.740421     0.458930      0.740421    
42      0.728897     0.654605     0.600753       0.670347   0.747946     0.451475     0.747946     0.754036     0.443677        0.754036        0.741953     0.459552      0.741953    
43      0.725978     0.657203     0.605211       0.672310   0.749261     0.458333     0.749261     0.757149     0.448245        0.757149        0.741535     0.468886      0.741535    
44      0.725337     0.656048     0.603688       0.672295   0.748487     0.456178     0.748487     0.756150     0.446397        0.756150        0.740978     0.466397      0.740978    
45      0.723092     0.659224     0.604870       0.673468   0.751840     0.456318     0.751840     0.756345     0.450440        0.756345        0.747387     0.462352      0.747387    
46      0.723417     0.658262     0.604001       0.673241   0.751034     0.455285     0.751034     0.755857     0.449017        0.755857        0.746273     0.461730      0.746273    
47      0.724707     0.655856     0.601572       0.672299   0.749123     0.452206     0.749123     0.754416     0.445383        0.754416        0.743904     0.459241      0.743904    
48      0.722869     0.657107     0.600674       0.672744   0.750996     0.449560     0.750996     0.753365     0.446456        0.753365        0.748641     0.452707      0.748641    
49      0.724715     0.656433     0.602420       0.671820   0.749474     0.453460     0.749474     0.754984     0.446353        0.754984        0.744043     0.460797      0.744043    
50      0.724437     0.656048     0.602055       0.672607   0.749158     0.453015     0.749158     0.754773     0.445783        0.754773        0.743625     0.460485      0.743625    
51      0.723345     0.658936     0.605692       0.673498   0.751159     0.458104     0.751159     0.757113     0.450391        0.757113        0.745297     0.466086      0.745297    
============================================================================================================================================

MATRICE DI CONFUSIONE SUL VALIDATION SET:
----------------------------------------
tp: 5349  fp: 1716  fn: 1828  tn: 1498 


STATISTICHE FINALI:
============================================================

🔹 LOSS:
   Rounds disponibili  : 51
   Valore iniziale     : 2.756570 
   Valore finale       : 0.723345 
   Valore minimo       : 0.722869 
   Valore massimo      : 2.756570 
   Valore medio        : 0.800428 
   Miglioramento       : -2.033225 📉

🔹 ACCURACY:
   Rounds disponibili  : 51
   Valore iniziale     : 0.495236 
   Valore finale       : 0.658936 
   Valore minimo       : 0.495236 
   Valore massimo      : 0.693100 
   Valore medio        : 0.655394 
   Miglioramento       : 0.163699  📈

🔹 BALANCEDACC:
   Rounds disponibili  : 51
   Valore iniziale     : 0.464596 
   Valore finale       : 0.605692 
   Valore minimo       : 0.464596 
   Valore massimo      : 0.612615 
   Valore medio        : 0.591748 
   Miglioramento       : 0.141096  📈

🔹 AUC:
   Rounds disponibili  : 51
   Valore iniziale     : 0.445477 
   Valore finale       : 0.673498 
   Valore minimo       : 0.445477 
   Valore massimo      : 0.679239 
   Valore medio        : 0.662059 
   Miglioramento       : 0.228021  📈

🔹 F1_SCORE:
   Rounds disponibili  : 51
   Valore iniziale     : 0.598607 
   Valore finale       : 0.751159 
   Valore minimo       : 0.598607 
   Valore massimo      : 0.804823 
   Valore medio        : 0.751867 
   Miglioramento       : 0.152551  📈

🔹 F1_NATURAL:
   Rounds disponibili  : 51
   Valore iniziale     : 0.320156 
   Valore finale       : 0.458104 
   Valore minimo       : 0.211195 
   Valore massimo      : 0.462269 
   Valore medio        : 0.430348 
   Miglioramento       : 0.137948  📈

🔹 F1_ATTACK:
   Rounds disponibili  : 51
   Valore iniziale     : 0.598607 
   Valore finale       : 0.751159 
   Valore minimo       : 0.598607 
   Valore massimo      : 0.804823 
   Valore medio        : 0.751867 
   Miglioramento       : 0.152551  📈

🔹 PRECISION:
   Rounds disponibili  : 51
   Valore iniziale     : 0.664007 
   Valore finale       : 0.757113 
   Valore minimo       : 0.664007 
   Valore massimo      : 0.759336 
   Valore medio        : 0.746755 
   Miglioramento       : 0.093106  📈

🔹 PRECISION_NAT:
   Rounds disponibili  : 51
   Valore iniziale     : 0.274383 
   Valore finale       : 0.450391 
   Valore minimo       : 0.274383 
   Valore massimo      : 0.510171 
   Valore medio        : 0.443532 
   Miglioramento       : 0.176007  📈

🔹 PRECISION_ATT:
   Rounds disponibili  : 51
   Valore iniziale     : 0.664007 
   Valore finale       : 0.757113 
   Valore minimo       : 0.664007 
   Valore massimo      : 0.759336 
   Valore medio        : 0.746755 
   Miglioramento       : 0.093106  📈

🔹 RECALL:
   Rounds disponibili  : 51
   Valore iniziale     : 0.544935 
   Valore finale       : 0.745297 
   Valore minimo       : 0.544935 
   Valore massimo      : 0.917932 
   Valore medio        : 0.758627 
   Miglioramento       : 0.200362  📈

🔹 RECALL_NAT:
   Rounds disponibili  : 51
   Valore iniziale     : 0.384256 
   Valore finale       : 0.466086 
   Valore minimo       : 0.139701 
   Valore massimo      : 0.468886 
   Valore medio        : 0.424869 
   Miglioramento       : 0.081829  📈

🔹 RECALL_ATT:
   Rounds disponibili  : 51
   Valore iniziale     : 0.544935 
   Valore finale       : 0.745297 
   Valore minimo       : 0.544935 
   Valore massimo      : 0.917932 
   Valore medio        : 0.758627 
   Miglioramento       : 0.200362  📈

