RESOCONTO ADDESTRAMENTO FEDERATO SMARTGRID
Rounds totali: 51

TABELLA RIASSUNTIVA METRICHE:
============================================================================================================================================
Round   Loss         Accuracy     BalancedAcc    AUC        F1_Score     F1_Natural   F1_Attack    Precision    Precision_Nat   Precision_Att   Recall       Recall_Nat    Recall_Att  
--------------------------------------------------------------------------------------------------------------------------------------------
1       2.793900     0.531421     0.513469       0.506858   0.622997     0.381086     0.622997     0.701115     0.322158        0.701115        0.560541     0.466397      0.560541    
2       1.486264     0.670099     0.511120       0.549572   0.795319     0.150223     0.795319     0.695852     0.369512        0.695852        0.927964     0.094275      0.927964    
3       1.072727     0.679819     0.513431       0.570016   0.803821     0.129741     0.803821     0.696790     0.407225        0.696790        0.949700     0.077162      0.949700    
4       0.878996     0.685305     0.511475       0.570810   0.809374     0.098677     0.809374     0.695800     0.432367        0.695800        0.967256     0.055694      0.967257    
5       0.824913     0.686652     0.522415       0.573476   0.807747     0.153406     0.807747     0.700891     0.466772        0.700891        0.953044     0.091786      0.953044    
6       0.803487     0.682417     0.527682       0.566481   0.802372     0.191969     0.802372     0.703603     0.450575        0.703603        0.933398     0.121966      0.933398    
7       0.792814     0.676066     0.528153       0.566031   0.796173     0.211340     0.796173     0.704081     0.427894        0.704081        0.915982     0.140324      0.915982    
8       0.786676     0.670677     0.530179       0.567708   0.790319     0.233079     0.790319     0.705348     0.416667        0.705348        0.898565     0.161792      0.898565    
9       0.783223     0.668078     0.534826       0.567390   0.786321     0.256841     0.786321     0.707943     0.417659        0.707943        0.884213     0.185439      0.884213    
10      0.781762     0.663266     0.533748       0.569131   0.781790     0.262903     0.781790     0.707609     0.407045        0.707609        0.873345     0.194151      0.873345    
11      0.780680     0.661342     0.534846       0.568119   0.779470     0.270674     0.779470     0.708314     0.405338        0.708314        0.866518     0.203174      0.866518    
12      0.779774     0.657685     0.535463       0.568861   0.775484     0.279814     0.775484     0.708862     0.400580        0.708862        0.855929     0.214997      0.855929    
13      0.779628     0.656145     0.535637       0.570634   0.773818     0.283250     0.773818     0.709049     0.398645        0.709049        0.851609     0.219664      0.851609    
14      0.779093     0.655182     0.533909       0.571784   0.773386     0.279219     0.773386     0.708131     0.394991        0.708131        0.851888     0.215930      0.851888    
15      0.779239     0.649312     0.529831       0.573687   0.768576     0.276410     0.768576     0.706150     0.381998        0.706150        0.843110     0.216553      0.843110    
16      0.778875     0.646906     0.527746       0.574979   0.766737     0.273897     0.766737     0.705098     0.376291        0.705098        0.840184     0.215308      0.840184    
17      0.778927     0.644885     0.526025       0.575850   0.765178     0.271902     0.765178     0.704229     0.371629        0.704229        0.837676     0.214375      0.837676    
18      0.779402     0.642190     0.523645       0.576131   0.763124     0.268974     0.763124     0.703017     0.365385        0.703017        0.834471     0.212819      0.834471    
19      0.779276     0.642287     0.523285       0.576600   0.763354     0.267586     0.763354     0.702814     0.364858        0.702814        0.835307     0.211263      0.835307    
20      0.779218     0.642864     0.523789       0.576696   0.763796     0.268192     0.763796     0.703070     0.366182        0.703070        0.836004     0.211574      0.836004    
21      0.779363     0.642960     0.523859       0.577075   0.763875     0.268245     0.763875     0.703105     0.366379        0.703105        0.836143     0.211574      0.836143    
22      0.779366     0.643153     0.523998       0.577079   0.764032     0.268350     0.764032     0.703174     0.366775        0.703174        0.836422     0.211574      0.836422    
23      0.779662     0.643538     0.524878       0.577226   0.764137     0.270579     0.764137     0.703647     0.368562        0.703647        0.836004     0.213752      0.836004    
24      0.780050     0.643634     0.524948       0.577366   0.764215     0.270632     0.764215     0.703682     0.368760        0.703682        0.836143     0.213752      0.836143    
25      0.779750     0.644019     0.525055       0.577165   0.764590     0.270270     0.764590     0.703725     0.369272        0.703725        0.836979     0.213130      0.836979    
26      0.779596     0.643826     0.524572       0.577284   0.764552     0.269010     0.764552     0.703465     0.368307        0.703465        0.837258     0.211886      0.837258    
27      0.779833     0.644019     0.525055       0.577265   0.764590     0.270270     0.764590     0.703725     0.369272        0.703725        0.836979     0.213130      0.836979    
28      0.779573     0.644308     0.525006       0.577374   0.764915     0.269565     0.764915     0.703686     0.369447        0.703686        0.837815     0.212197      0.837815    
29      0.779636     0.644308     0.525092       0.577437   0.764885     0.269854     0.764885     0.703734     0.369589        0.703734        0.837676     0.212508      0.837676    
30      0.779862     0.643826     0.524572       0.577066   0.764552     0.269010     0.764552     0.703465     0.368307        0.703465        0.837258     0.211886      0.837258    
31      0.779422     0.643923     0.524384       0.576765   0.764721     0.268196     0.764721     0.703357     0.368078        0.703357        0.837815     0.210952      0.837815    
32      0.779579     0.643923     0.524555       0.576738   0.764661     0.268775     0.764661     0.703452     0.368364        0.703452        0.837537     0.211574      0.837537    
33      0.779683     0.644211     0.525108       0.576572   0.764777     0.270089     0.764777     0.703747     0.369530        0.703747        0.837397     0.212819      0.837397    
34      0.779942     0.643826     0.524744       0.576816   0.764492     0.269588     0.764493     0.703561     0.368591        0.703561        0.836979     0.212508      0.836979    
35      0.779669     0.643634     0.524518       0.577003   0.764365     0.269193     0.764365     0.703443     0.368052        0.703443        0.836840     0.212197      0.836840    
36      0.779270     0.643923     0.524212       0.576630   0.764781     0.267617     0.764781     0.703262     0.367791        0.703262        0.838094     0.210330      0.838094    
37      0.779338     0.643826     0.524056       0.576630   0.764732     0.267274     0.764732     0.703180     0.367447        0.703180        0.838094     0.210019      0.838094    
38      0.779516     0.643249     0.523724       0.576441   0.764231     0.267246     0.764231     0.703019     0.366396        0.703019        0.837119     0.210330      0.837119    
39      0.779220     0.643441     0.523606       0.576308   0.764478     0.266482     0.764478     0.702946     0.366358        0.702946        0.837815     0.209396      0.837815    
40      0.779297     0.643441     0.523520       0.576269   0.764508     0.266191     0.764508     0.702899     0.366213        0.702899        0.837955     0.209085      0.837955    
41      0.779128     0.643730     0.523729       0.576049   0.764743     0.266350     0.764743     0.703003     0.366812        0.703003        0.838373     0.209085      0.838373    
42      0.779310     0.643057     0.523241       0.576128   0.764194     0.265981     0.764194     0.702760     0.365416        0.702760        0.837397     0.209085      0.837397    
43      0.779042     0.644404     0.523959       0.576028   0.765382     0.265845     0.765382     0.703103     0.367784        0.703103        0.839766     0.208152      0.839766    
44      0.779109     0.644115     0.523922       0.576150   0.765087     0.266270     0.765087     0.703094     0.367470        0.703094        0.839069     0.208774      0.839069    
45      0.779599     0.643826     0.523970       0.576130   0.764762     0.266984     0.764762     0.703132     0.367302        0.703132        0.838233     0.209708      0.838233    
46      0.778903     0.644789     0.524238       0.575936   0.765695     0.266057     0.765695     0.703242     0.368595        0.703242        0.840323     0.208152      0.840323    
47      0.779410     0.644019     0.523938       0.576047   0.764979     0.266508     0.764979     0.703107     0.367414        0.703107        0.838791     0.209085      0.838791    
48      0.779088     0.644211     0.524077       0.575859   0.765136     0.266614     0.765136     0.703176     0.367816        0.703176        0.839069     0.209085      0.839069    
49      0.778898     0.644693     0.524340       0.575695   0.765558     0.266587     0.765558     0.703302     0.368681        0.703302        0.839905     0.208774      0.839905    
50      0.778845     0.645366     0.524656       0.575636   0.766165     0.266375     0.766165     0.703449     0.369818        0.703449        0.841159     0.208152      0.841159    
51      0.778952     0.645270     0.524500       0.575933   0.766117     0.266029     0.766117     0.703367     0.369469        0.703367        0.841159     0.207841      0.841159    
============================================================================================================================================

MATRICE DI CONFUSIONE SUL VALIDATION SET:
----------------------------------------
tp: 6037  fp: 2546  fn: 1140  tn: 668  


STATISTICHE FINALI:
============================================================

🔹 LOSS:
   Rounds disponibili  : 51
   Valore iniziale     : 2.793900 
   Valore finale       : 0.778952 
   Valore minimo       : 0.778845 
   Valore massimo      : 2.793900 
   Valore medio        : 0.842368 
   Miglioramento       : -2.014948 📉

🔹 ACCURACY:
   Rounds disponibili  : 51
   Valore iniziale     : 0.531421 
   Valore finale       : 0.645270 
   Valore minimo       : 0.531421 
   Valore massimo      : 0.686652 
   Valore medio        : 0.648531 
   Miglioramento       : 0.113849  📈

🔹 BALANCEDACC:
   Rounds disponibili  : 51
   Valore iniziale     : 0.513469 
   Valore finale       : 0.524500 
   Valore minimo       : 0.511120 
   Valore massimo      : 0.535637 
   Valore medio        : 0.524994 
   Miglioramento       : 0.011031  📈

🔹 AUC:
   Rounds disponibili  : 51
   Valore iniziale     : 0.506858 
   Valore finale       : 0.575933 
   Valore minimo       : 0.506858 
   Valore massimo      : 0.577437 
   Valore medio        : 0.572841 
   Miglioramento       : 0.069075  📈

🔹 F1_SCORE:
   Rounds disponibili  : 51
   Valore iniziale     : 0.622997 
   Valore finale       : 0.766117 
   Valore minimo       : 0.622997 
   Valore massimo      : 0.809374 
   Valore medio        : 0.768570 
   Miglioramento       : 0.143120  📈

🔹 F1_NATURAL:
   Rounds disponibili  : 51
   Valore iniziale     : 0.381086 
   Valore finale       : 0.266029 
   Valore minimo       : 0.098677 
   Valore massimo      : 0.381086 
   Valore medio        : 0.257161 
   Miglioramento       : -0.115056 📉

🔹 F1_ATTACK:
   Rounds disponibili  : 51
   Valore iniziale     : 0.622997 
   Valore finale       : 0.766117 
   Valore minimo       : 0.622997 
   Valore massimo      : 0.809374 
   Valore medio        : 0.768570 
   Miglioramento       : 0.143120  📈

🔹 PRECISION:
   Rounds disponibili  : 51
   Valore iniziale     : 0.701115 
   Valore finale       : 0.703367 
   Valore minimo       : 0.695800 
   Valore massimo      : 0.709049 
   Valore medio        : 0.703545 
   Miglioramento       : 0.002252  📈

🔹 PRECISION_NAT:
   Rounds disponibili  : 51
   Valore iniziale     : 0.322158 
   Valore finale       : 0.369469 
   Valore minimo       : 0.322158 
   Valore massimo      : 0.466772 
   Valore medio        : 0.379448 
   Miglioramento       : 0.047311  📈

🔹 PRECISION_ATT:
   Rounds disponibili  : 51
   Valore iniziale     : 0.701115 
   Valore finale       : 0.703367 
   Valore minimo       : 0.695800 
   Valore massimo      : 0.709049 
   Valore medio        : 0.703545 
   Miglioramento       : 0.002252  📈

🔹 RECALL:
   Rounds disponibili  : 51
   Valore iniziale     : 0.560541 
   Valore finale       : 0.841159 
   Valore minimo       : 0.560541 
   Valore massimo      : 0.967256 
   Valore medio        : 0.848907 
   Miglioramento       : 0.280619  📈

🔹 RECALL_NAT:
   Rounds disponibili  : 51
   Valore iniziale     : 0.466397 
   Valore finale       : 0.207841 
   Valore minimo       : 0.055694 
   Valore massimo      : 0.466397 
   Valore medio        : 0.201081 
   Miglioramento       : -0.258556 📉

🔹 RECALL_ATT:
   Rounds disponibili  : 51
   Valore iniziale     : 0.560541 
   Valore finale       : 0.841159 
   Valore minimo       : 0.560541 
   Valore massimo      : 0.967257 
   Valore medio        : 0.848907 
   Miglioramento       : 0.280619  📈

