RESOCONTO ADDESTRAMENTO FEDERATO SMARTGRID
Rounds totali: 51

TABELLA RIASSUNTIVA METRICHE:
============================================================================================================================================
Round   Loss         Accuracy     BalancedAcc    AUC        F1_Score     F1_Natural   F1_Attack    Precision    Precision_Nat   Precision_Att   Recall       Recall_Nat    Recall_Att  
--------------------------------------------------------------------------------------------------------------------------------------------
1       2.756570     0.495236     0.464596       0.445477   0.598607     0.320156     0.598607     0.664007     0.274383        0.664007        0.544935     0.384256      0.544935    
2       1.640721     0.677221     0.528817       0.579469   0.797096     0.211195     0.797096     0.704373     0.432563        0.704373        0.917932     0.139701      0.917932    
3       1.166183     0.691079     0.551820       0.615241   0.803934     0.272109     0.803934     0.715715     0.501672        0.715715        0.916957     0.186683      0.916957    
4       0.916011     0.690213     0.576706       0.648475   0.795865     0.357870     0.795865     0.730331     0.498610        0.730331        0.874321     0.279091      0.874321    
5       0.797833     0.683957     0.594598       0.663527   0.783691     0.413571     0.783691     0.743161     0.485331        0.743161        0.828898     0.360299      0.828898    
6       0.753426     0.670677     0.594949       0.661252   0.768971     0.426801     0.768971     0.745907     0.462264        0.745907        0.793507     0.396391      0.793507    
7       0.735040     0.666827     0.599206       0.669609   0.763007     0.439261     0.763007     0.749966     0.458108        0.749966        0.776508     0.421904      0.776508    
8       0.732486     0.664999     0.603724       0.669612   0.759150     0.449992     0.759150     0.753986     0.457143        0.753986        0.764386     0.443062      0.764386    
9       0.727489     0.665961     0.606396       0.673844   0.759243     0.454674     0.759243     0.755939     0.459219        0.755939        0.762575     0.450218      0.762575    
10      0.734445     0.667886     0.602464       0.669763   0.762997     0.445266     0.762997     0.752302     0.460592        0.752302        0.774000     0.430927      0.774000    
11      0.731783     0.662496     0.593322       0.669915   0.760238     0.430219     0.760238     0.746309     0.450187        0.746309        0.774697     0.411948      0.774697    
12      0.727519     0.660187     0.593712       0.671683   0.757403     0.432953     0.757403     0.747086     0.447395        0.747086        0.768009     0.419415      0.768009    
13      0.731098     0.656915     0.590656       0.670742   0.754764     0.429143     0.754764     0.745380     0.442098        0.745380        0.764386     0.416926      0.764386    
14      0.728533     0.654894     0.583781       0.670058   0.755088     0.415961     0.755088     0.740522     0.436432        0.740522        0.770238     0.397324      0.770238    
15      0.732442     0.650178     0.581742       0.666685   0.750361     0.415689     0.750361     0.739843     0.429997        0.739843        0.761182     0.402302      0.761182    
16      0.725004     0.655279     0.583974       0.670408   0.755461     0.416042     0.755461     0.740597     0.436986        0.740597        0.770935     0.397013      0.770935    
17      0.721231     0.655182     0.584506       0.671283   0.755142     0.417304     0.755142     0.741014     0.437138        0.741014        0.769820     0.399191      0.769820    
18      0.721763     0.653931     0.587122       0.669632   0.752648     0.424087     0.752648     0.743241     0.436964        0.743241        0.762296     0.411948      0.762296    
19      0.716856     0.657011     0.590210       0.672295   0.755052     0.428113     0.755052     0.745016     0.442015        0.745016        0.765362     0.415059      0.765362    
20      0.717533     0.655567     0.591227       0.672614   0.752951     0.431454     0.752951     0.746101     0.440766        0.746101        0.759928     0.422526      0.759928    
21      0.719385     0.654316     0.590923       0.672677   0.751591     0.431825     0.751591     0.746121     0.439189        0.746121        0.757141     0.424704      0.757141    
22      0.722496     0.651237     0.586975       0.669123   0.749516     0.426037     0.749516     0.743657     0.433871        0.743657        0.755469     0.418482      0.755469    
23      0.720170     0.652873     0.589964       0.671089   0.750260     0.430983     0.750260     0.745665     0.437120        0.745665        0.754912     0.425016      0.754912    
24      0.719217     0.659032     0.595024       0.671462   0.755537     0.436635     0.755537     0.748360     0.446504        0.748360        0.762854     0.427194      0.762854    
25      0.721758     0.654797     0.592817       0.670707   0.751403     0.435385     0.751403     0.747518     0.440586        0.747518        0.755330     0.430305      0.755330    
26      0.721375     0.655182     0.594384       0.671281   0.751232     0.438313     0.751232     0.748685     0.441706        0.748685        0.753797     0.434972      0.753797    
27      0.721978     0.657107     0.593974       0.670744   0.753681     0.435966     0.753681     0.747942     0.443764        0.747942        0.759510     0.428438      0.759510    
28      0.720305     0.661053     0.598634       0.672375   0.756499     0.442545     0.756499     0.750789     0.450387        0.750789        0.762296     0.434972      0.762296    
29      0.723932     0.658262     0.597730       0.671633   0.753557     0.442806     0.753557     0.750691     0.446660        0.750691        0.756444     0.439017      0.756444    
30      0.727243     0.656915     0.597614       0.670953   0.752000     0.443577     0.752000     0.750903     0.445036        0.750903        0.753100     0.442128      0.753100    
31      0.725849     0.658743     0.599024       0.671133   0.753613     0.445070     0.753613     0.751629     0.447733        0.751629        0.755608     0.442439      0.755608    
32      0.726785     0.659609     0.600596       0.670661   0.754016     0.447603     0.754016     0.752708     0.449357        0.752708        0.755330     0.445862      0.755330    
33      0.730871     0.659513     0.600097       0.669067   0.754101     0.446669     0.754101     0.752323     0.449057        0.752323        0.755887     0.444306      0.755887    
34      0.728768     0.657781     0.597554       0.669919   0.753056     0.442808     0.753056     0.750658     0.446023        0.750658        0.755469     0.439639      0.755469    
35      0.729497     0.658166     0.598004       0.669266   0.753333     0.443435     0.753333     0.750935     0.446654        0.750935        0.755747     0.440261      0.755748    
36      0.728482     0.657781     0.601248       0.671192   0.751572     0.450216     0.751572     0.753678     0.447449        0.753678        0.749478     0.453018      0.749477    
37      0.728746     0.655952     0.596746       0.670989   0.751200     0.442539     0.751201     0.750417     0.443576        0.750417        0.751985     0.441506      0.751986    
38      0.729397     0.655760     0.597723       0.671385   0.750575     0.444651     0.750575     0.751256     0.443756        0.751256        0.749896     0.445551      0.749895    
39      0.730569     0.656241     0.597642       0.671036   0.751184     0.444133     0.751184     0.751080     0.444271        0.751080        0.751289     0.443995      0.751289    
40      0.727552     0.657877     0.598397       0.672289   0.752833     0.444444     0.752833     0.751318     0.446468        0.751318        0.754354     0.442439      0.754354    
41      0.731127     0.656722     0.598076       0.670754   0.751584     0.444652     0.751584     0.751323     0.444998        0.751323        0.751846     0.444306      0.751846    
42      0.728618     0.657588     0.600679       0.672203   0.751571     0.449226     0.751571     0.753254     0.447012        0.753254        0.749896     0.451462      0.749895    
43      0.728631     0.658166     0.601355       0.673019   0.751990     0.450155     0.751990     0.753674     0.447936        0.753674        0.750314     0.452396      0.750314    
44      0.726895     0.658358     0.603470       0.673913   0.751366     0.454182     0.751366     0.755387     0.448936        0.755387        0.747387     0.459552      0.747387    
45      0.728329     0.657781     0.601505       0.672918   0.751468     0.450726     0.751468     0.753891     0.447546        0.753891        0.749059     0.453951      0.749059    
46      0.729985     0.655952     0.599065       0.672210   0.750262     0.447193     0.750262     0.752312     0.444513        0.752312        0.748223     0.449907      0.748223    
47      0.729197     0.657588     0.601023       0.675002   0.751432     0.449907     0.751432     0.753538     0.447142        0.753538        0.749338     0.452707      0.749338    
48      0.730784     0.657300     0.600642       0.674197   0.751240     0.449358     0.751240     0.753292     0.446665        0.753292        0.749199     0.452085      0.749199    
49      0.731192     0.658936     0.603888       0.673941   0.751890     0.454601     0.751890     0.755593     0.449756        0.755593        0.748223     0.459552      0.748223    
50      0.729401     0.659994     0.604568       0.675260   0.752885     0.455204     0.752885     0.755899     0.451238        0.755899        0.749896     0.459241      0.749895    
51      0.732032     0.658262     0.602885       0.674431   0.751487     0.453103     0.751487     0.754921     0.448612        0.754921        0.748084     0.457685      0.748084    
============================================================================================================================================

MATRICE DI CONFUSIONE SUL VALIDATION SET:
----------------------------------------
tp: 5369  fp: 1743  fn: 1808  tn: 1471 


STATISTICHE FINALI:
============================================================

🔹 LOSS:
   Rounds disponibili  : 51
   Valore iniziale     : 2.756570 
   Valore finale       : 0.732032 
   Valore minimo       : 0.716856 
   Valore massimo      : 2.756570 
   Valore medio        : 0.798912 
   Miglioramento       : -2.024537 📉

🔹 ACCURACY:
   Rounds disponibili  : 51
   Valore iniziale     : 0.495236 
   Valore finale       : 0.658262 
   Valore minimo       : 0.495236 
   Valore massimo      : 0.691079 
   Valore medio        : 0.657069 
   Miglioramento       : 0.163026  📈

🔹 BALANCEDACC:
   Rounds disponibili  : 51
   Valore iniziale     : 0.464596 
   Valore finale       : 0.602885 
   Valore minimo       : 0.464596 
   Valore massimo      : 0.606396 
   Valore medio        : 0.591093 
   Miglioramento       : 0.138289  📈

🔹 AUC:
   Rounds disponibili  : 51
   Valore iniziale     : 0.445477 
   Valore finale       : 0.674431 
   Valore minimo       : 0.445477 
   Valore massimo      : 0.675260 
   Valore medio        : 0.663302 
   Miglioramento       : 0.228954  📈

🔹 F1_SCORE:
   Rounds disponibili  : 51
   Valore iniziale     : 0.598607 
   Valore finale       : 0.751487 
   Valore minimo       : 0.598607 
   Valore massimo      : 0.803934 
   Valore medio        : 0.754110 
   Miglioramento       : 0.152880  📈

🔹 F1_NATURAL:
   Rounds disponibili  : 51
   Valore iniziale     : 0.320156 
   Valore finale       : 0.453103 
   Valore minimo       : 0.211195 
   Valore massimo      : 0.455204 
   Valore medio        : 0.427565 
   Miglioramento       : 0.132948  📈

🔹 F1_ATTACK:
   Rounds disponibili  : 51
   Valore iniziale     : 0.598607 
   Valore finale       : 0.751487 
   Valore minimo       : 0.598607 
   Valore massimo      : 0.803934 
   Valore medio        : 0.754110 
   Miglioramento       : 0.152880  📈

🔹 PRECISION:
   Rounds disponibili  : 51
   Valore iniziale     : 0.664007 
   Valore finale       : 0.754921 
   Valore minimo       : 0.664007 
   Valore massimo      : 0.755939 
   Valore medio        : 0.745886 
   Miglioramento       : 0.090914  📈

🔹 PRECISION_NAT:
   Rounds disponibili  : 51
   Valore iniziale     : 0.274383 
   Valore finale       : 0.448612 
   Valore minimo       : 0.274383 
   Valore massimo      : 0.501672 
   Valore medio        : 0.445164 
   Miglioramento       : 0.174229  📈

🔹 PRECISION_ATT:
   Rounds disponibili  : 51
   Valore iniziale     : 0.664007 
   Valore finale       : 0.754921 
   Valore minimo       : 0.664007 
   Valore massimo      : 0.755939 
   Valore medio        : 0.745886 
   Miglioramento       : 0.090914  📈

🔹 RECALL:
   Rounds disponibili  : 51
   Valore iniziale     : 0.544935 
   Valore finale       : 0.748084 
   Valore minimo       : 0.544935 
   Valore massimo      : 0.917932 
   Valore medio        : 0.764083 
   Miglioramento       : 0.203149  📈

🔹 RECALL_NAT:
   Rounds disponibili  : 51
   Valore iniziale     : 0.384256 
   Valore finale       : 0.457685 
   Valore minimo       : 0.139701 
   Valore massimo      : 0.459552 
   Valore medio        : 0.418103 
   Miglioramento       : 0.073429  📈

🔹 RECALL_ATT:
   Rounds disponibili  : 51
   Valore iniziale     : 0.544935 
   Valore finale       : 0.748084 
   Valore minimo       : 0.544935 
   Valore massimo      : 0.917932 
   Valore medio        : 0.764083 
   Miglioramento       : 0.203149  📈

