RESOCONTO ADDESTRAMENTO FEDERATO RANDOM FOREST SMARTGRID
Rounds totali: 50

TABELLA RIASSUNTIVA METRICHE:
============================================================================================================================================
Round   Loss         Accuracy     BalancedAcc    AUC        F1_Score     F1_Natural   F1_Attack    Precision    Precision_Nat   Precision_Att   Recall       Recall_Nat    Recall_Att  
--------------------------------------------------------------------------------------------------------------------------------------------
2       0.219986     0.780014     0.500222       0.590490   0.876400     0.000887     0.876400     0.779992     1.000000        0.779992        1.000000     0.000444      1.000000    
3       0.218423     0.781577     0.506640       0.572241   0.876926     0.030356     0.876926     0.782207     0.660377        0.782207        0.997745     0.015535      0.997745    
4       0.220084     0.779916     0.502708       0.606530   0.876120     0.014867     0.876120     0.780849     0.500000        0.780849        0.997871     0.007545      0.997871    
5       0.219693     0.780307     0.501684       0.578669   0.876476     0.007940     0.876476     0.780495     0.642857        0.780495        0.999374     0.003995      0.999374    
6       0.219303     0.780697     0.503050       0.610060   0.876628     0.014054     0.876628     0.780965     0.666667        0.780965        0.998998     0.007102      0.998998    
7       0.220475     0.779525     0.501661       0.601007   0.875941     0.010522     0.875941     0.780488     0.428571        0.780488        0.997996     0.005326      0.997996    
8       0.223894     0.776106     0.499469       0.581248   0.873775     0.010363     0.873775     0.779733     0.190476        0.779733        0.993612     0.005326      0.993612    
9       0.220182     0.779818     0.502805       0.612017   0.876045     0.015721     0.876045     0.780882     0.486486        0.780882        0.997620     0.007989      0.997620    
10      0.219107     0.780893     0.502697       0.581127   0.876792     0.011459     0.876792     0.780843     0.812500        0.780843        0.999624     0.005770      0.999624    
11      0.221256     0.778744     0.500682       0.580212   0.875488     0.007884     0.875488     0.780151     0.300000        0.780151        0.997370     0.003995      0.997370    
12      0.220377     0.779623     0.501405       0.585174   0.876030     0.008787     0.876030     0.780399     0.434783        0.780399        0.998372     0.004439      0.998372    
13      0.219693     0.780307     0.501684       0.621661   0.876476     0.007940     0.876476     0.780495     0.642857        0.780495        0.999374     0.003995      0.999374    
14      0.221061     0.778939     0.499533       0.580173   0.875721     0.000883     0.875721     0.779756     0.083333        0.779756        0.998622     0.000444      0.998622    
15      0.219986     0.780014     0.500222       0.615771   0.876400     0.000887     0.876400     0.779992     1.000000        0.779992        1.000000     0.000444      1.000000    
16      0.221354     0.778646     0.500142       0.617876   0.875467     0.005268     0.875467     0.779965     0.240000        0.779965        0.997620     0.002663      0.997620    
17      0.219693     0.780307     0.501844       0.591776   0.876463     0.008814     0.876463     0.780550     0.625000        0.780550        0.999248     0.004439      0.999248    
18      0.220182     0.779818     0.500415       0.596094   0.876249     0.002655     0.876249     0.780059     0.428571        0.780059        0.999499     0.001332      0.999499    
19      0.220182     0.779818     0.499937       0.602273   0.876290     0.000000     0.876290     0.779894     0.000000        0.779894        0.999875     0.000000      0.999875    
20      0.220572     0.779428     0.500643       0.599862   0.875961     0.005286     0.875961     0.780137     0.352941        0.780137        0.998622     0.002663      0.998622    
21      0.219693     0.780307     0.504711       0.570675   0.876218     0.024295     0.876218     0.781541     0.538462        0.781541        0.996994     0.012428      0.996994    
22      0.221256     0.778744     0.499567       0.587639   0.875584     0.001763     0.875584     0.779767     0.125000        0.779767        0.998246     0.000888      0.998246    
23      0.220768     0.779232     0.500040       0.610389   0.875879     0.002648     0.875879     0.779930     0.230769        0.779930        0.998747     0.001332      0.998747    
24      0.219303     0.780697     0.503050       0.598741   0.876628     0.014054     0.876628     0.780965     0.666667        0.780965        0.998998     0.007102      0.998998    
25      0.224773     0.775227     0.498428       0.596908   0.873258     0.007762     0.873258     0.779373     0.136364        0.779373        0.992861     0.003995      0.992861    
26      0.219889     0.780111     0.502355       0.592473   0.876285     0.012286     0.876285     0.780727     0.538462        0.780727        0.998497     0.006214      0.998497    
27      0.219596     0.780404     0.501747       0.587040   0.876538     0.007944     0.876538     0.780516     0.692308        0.780516        0.999499     0.003995      0.999499    
28      0.220182     0.779818     0.501371       0.600652   0.876167     0.007923     0.876167     0.780388     0.473684        0.780388        0.998747     0.003995      0.998747    
29      0.220182     0.779818     0.500575       0.581255   0.876235     0.003537     0.876235     0.780113     0.444444        0.780113        0.999374     0.001775      0.999374    
30      0.219693     0.780307     0.501206       0.598598   0.876517     0.005307     0.876517     0.780330     0.750000        0.780330        0.999749     0.002663      0.999749    
31      0.220182     0.779818     0.500415       0.606327   0.876249     0.002655     0.876249     0.780059     0.428571        0.780059        0.999499     0.001332      0.999499    
32      0.219596     0.780404     0.502543       0.619872   0.876470     0.012302     0.876470     0.780791     0.608696        0.780791        0.998873     0.006214      0.998873    
33      0.221549     0.778451     0.501928       0.593326   0.875179     0.015625     0.875179     0.780581     0.352941        0.780581        0.995867     0.007989      0.995867    
34      0.220963     0.779037     0.500711       0.583317   0.875687     0.007024     0.875687     0.780161     0.320000        0.780161        0.997871     0.003551      0.997871    
35      0.219400     0.780600     0.501713       0.584457   0.876675     0.007073     0.876675     0.780504     0.888889        0.780504        0.999875     0.003551      0.999875    
36      0.219400     0.780600     0.502828       0.614104   0.876580     0.013181     0.876580     0.780889     0.652174        0.780889        0.998998     0.006658      0.998998    
37      0.220084     0.779916     0.501434       0.587849   0.876229     0.007926     0.876229     0.780409     0.500000        0.780409        0.998873     0.003995      0.998873    
38      0.221745     0.778255     0.501803       0.603122   0.875055     0.015611     0.875055     0.780538     0.339623        0.780538        0.995616     0.007989      0.995616    
39      0.220279     0.779721     0.501149       0.594250   0.876119     0.007045     0.876119     0.780311     0.444444        0.780311        0.998747     0.003551      0.998747    
40      0.219498     0.780502     0.501491       0.589531   0.876627     0.006192     0.876627     0.780428     0.875000        0.780428        0.999875     0.003107      0.999875    
41      0.219303     0.780697     0.501935       0.598953   0.876723     0.007954     0.876723     0.780581     0.900000        0.780581        0.999875     0.003995      0.999875    
42      0.220084     0.779916     0.502230       0.594746   0.876161     0.012275     0.876161     0.780684     0.500000        0.780684        0.998246     0.006214      0.998246    
43      0.219205     0.780795     0.502635       0.573819   0.876730     0.011454     0.876730     0.780822     0.764706        0.780822        0.999499     0.005770      0.999499    
44      0.220572     0.779428     0.501280       0.618438   0.875907     0.008780     0.875907     0.780356     0.400000        0.780356        0.998121     0.004439      0.998121    
45      0.219889     0.780111     0.501240       0.603768   0.876380     0.006181     0.876380     0.780342     0.583333        0.780342        0.999374     0.003107      0.999374    
46      0.219498     0.780502     0.502128       0.599244   0.876572     0.009696     0.876572     0.780648     0.687500        0.780648        0.999374     0.004882      0.999374    
47      0.220084     0.779916     0.501593       0.587934   0.876216     0.008799     0.876216     0.780464     0.500000        0.780464        0.998747     0.004439      0.998747    
48      0.219205     0.780795     0.502635       0.610774   0.876730     0.011454     0.876730     0.780822     0.764706        0.780822        0.999499     0.005770      0.999499    
49      0.220084     0.779916     0.500637       0.606694   0.876297     0.003538     0.876297     0.780135     0.500000        0.780135        0.999499     0.001775      0.999499    
50      0.219498     0.780502     0.501650       0.596848   0.876613     0.007070     0.876613     0.780483     0.800000        0.780483        0.999749     0.003551      0.999749    
51      0.220963     0.779037     0.501826       0.561571   0.875591     0.013089     0.875591     0.780545     0.384615        0.780545        0.996994     0.006658      0.996994    
============================================================================================================================================

MATRICE DI CONFUSIONE SUL VALIDATION SET:
----------------------------------------
tp: 7960  fp: 2238  fn: 24    tn: 15   


STATISTICHE FINALI:
============================================================

🔹 LOSS:
   Rounds disponibili  : 50
   Valore iniziale     : 0.219986 
   Valore finale       : 0.220963 
   Valore minimo       : 0.218423 
   Valore massimo      : 0.224773 
   Valore medio        : 0.220238 
   Miglioramento       : 0.000977  📈

🔹 ACCURACY:
   Rounds disponibili  : 50
   Valore iniziale     : 0.780014 
   Valore finale       : 0.779037 
   Valore minimo       : 0.775227 
   Valore massimo      : 0.781577 
   Valore medio        : 0.779762 
   Miglioramento       : -0.000977 📉

🔹 BALANCEDACC:
   Rounds disponibili  : 50
   Valore iniziale     : 0.500222 
   Valore finale       : 0.501826 
   Valore minimo       : 0.498428 
   Valore massimo      : 0.506640 
   Valore medio        : 0.501526 
   Miglioramento       : 0.001604  📈

🔹 AUC:
   Rounds disponibili  : 50
   Valore iniziale     : 0.590490 
   Valore finale       : 0.561571 
   Valore minimo       : 0.561571 
   Valore massimo      : 0.621661 
   Valore medio        : 0.595552 
   Miglioramento       : -0.028919 📉

🔹 F1_SCORE:
   Rounds disponibili  : 50
   Valore iniziale     : 0.876400 
   Valore finale       : 0.875591 
   Valore minimo       : 0.873258 
   Valore massimo      : 0.876926 
   Valore medio        : 0.876115 
   Miglioramento       : -0.000808 📉

🔹 F1_NATURAL:
   Rounds disponibili  : 50
   Valore iniziale     : 0.000887 
   Valore finale       : 0.013089 
   Valore minimo       : 0.000000 
   Valore massimo      : 0.030356 
   Valore medio        : 0.008940 
   Miglioramento       : 0.012202  📈

🔹 F1_ATTACK:
   Rounds disponibili  : 50
   Valore iniziale     : 0.876400 
   Valore finale       : 0.875591 
   Valore minimo       : 0.873258 
   Valore massimo      : 0.876926 
   Valore medio        : 0.876115 
   Miglioramento       : -0.000808 📉

🔹 PRECISION:
   Rounds disponibili  : 50
   Valore iniziale     : 0.779992 
   Valore finale       : 0.780545 
   Valore minimo       : 0.779373 
   Valore massimo      : 0.782207 
   Valore medio        : 0.780441 
   Miglioramento       : 0.000553  📈

🔹 PRECISION_NAT:
   Rounds disponibili  : 50
   Valore iniziale     : 1.000000 
   Valore finale       : 0.384615 
   Valore minimo       : 0.000000 
   Valore massimo      : 1.000000 
   Valore medio        : 0.525736 
   Miglioramento       : -0.615385 📉

🔹 PRECISION_ATT:
   Rounds disponibili  : 50
   Valore iniziale     : 0.779992 
   Valore finale       : 0.780545 
   Valore minimo       : 0.779373 
   Valore massimo      : 0.782207 
   Valore medio        : 0.780441 
   Miglioramento       : 0.000553  📈

🔹 RECALL:
   Rounds disponibili  : 50
   Valore iniziale     : 1.000000 
   Valore finale       : 0.996994 
   Valore minimo       : 0.992861 
   Valore massimo      : 1.000000 
   Valore medio        : 0.998525 
   Miglioramento       : -0.003006 📉

🔹 RECALL_NAT:
   Rounds disponibili  : 50
   Valore iniziale     : 0.000444 
   Valore finale       : 0.006658 
   Valore minimo       : 0.000000 
   Valore massimo      : 0.015535 
   Valore medio        : 0.004527 
   Miglioramento       : 0.006214  📈

🔹 RECALL_ATT:
   Rounds disponibili  : 50
   Valore iniziale     : 1.000000 
   Valore finale       : 0.996994 
   Valore minimo       : 0.992861 
   Valore massimo      : 1.000000 
   Valore medio        : 0.998525 
   Miglioramento       : -0.003006 📉

