RESOCONTO ADDESTRAMENTO FEDERATO RANDOM FOREST SMARTGRID
Rounds totali: 50

TABELLA RIASSUNTIVA METRICHE:
============================================================================================================================================
Round   Loss         Accuracy     BalancedAcc    AUC        F1_Score     F1_Natural   F1_Attack    Precision    Precision_Nat   Precision_Att   Recall       Recall_Nat    Recall_Att  
--------------------------------------------------------------------------------------------------------------------------------------------
2       0.273908     0.726092     0.553906       0.582776   0.830676     0.283597     0.830676     0.802006     0.334136        0.802006        0.861473     0.246338      0.861473    
3       0.266191     0.733809     0.501186       0.563619   0.843057     0.124076     0.843057     0.780360     0.224942        0.780360        0.916708     0.085664      0.916708    
4       0.266875     0.733125     0.501066       0.566107   0.842554     0.124920     0.842554     0.780316     0.224396        0.780316        0.915581     0.086551      0.915581    
5       0.267363     0.732637     0.500275       0.564450   0.842275     0.123037     0.842275     0.780019     0.221198        0.780019        0.915331     0.085220      0.915331    
6       0.266484     0.733516     0.501317       0.563740   0.842821     0.125080     0.842821     0.780410     0.225434        0.780410        0.916082     0.086551      0.916082    
7       0.266680     0.733320     0.501669       0.565172   0.842633     0.126679     0.842633     0.780543     0.226804        0.780543        0.915456     0.087883      0.915456    
8       0.267363     0.732637     0.500275       0.564450   0.842275     0.123037     0.842275     0.780019     0.221198        0.780019        0.915331     0.085220      0.915331    
9       0.266387     0.733613     0.500901       0.562860   0.842942     0.123433     0.842942     0.780254     0.223776        0.780254        0.916583     0.085220      0.916583    
10      0.266094     0.733906     0.501408       0.561982   0.843106     0.124679     0.843106     0.780444     0.225844        0.780444        0.916708     0.086107      0.916708    
11      0.267168     0.732832     0.500719       0.562816   0.842372     0.124240     0.842372     0.780186     0.222989        0.780186        0.915331     0.086107      0.915331    
12      0.266680     0.733320     0.501669       0.565172   0.842633     0.126679     0.842633     0.780543     0.226804        0.780543        0.915456     0.087883      0.915456    
13      0.265605     0.734395     0.501562       0.563800   0.843457     0.124316     0.843457     0.780501     0.226526        0.780501        0.917460     0.085664      0.917460    
14      0.266875     0.733125     0.501066       0.566107   0.842554     0.124920     0.842554     0.780316     0.224396        0.780316        0.915581     0.086551      0.915581    
15      0.266875     0.733125     0.501066       0.566107   0.842554     0.124920     0.842554     0.780316     0.224396        0.780316        0.915581     0.086551      0.915581    
16      0.266094     0.733906     0.501408       0.561982   0.843106     0.124679     0.843106     0.780444     0.225844        0.780444        0.916708     0.086107      0.916708    
17      0.265605     0.734395     0.502518       0.564431   0.843349     0.127687     0.843349     0.780860     0.230324        0.780860        0.916708     0.088327      0.916708    
18      0.266875     0.733125     0.501066       0.566107   0.842554     0.124920     0.842554     0.780316     0.224396        0.780316        0.915581     0.086551      0.915581    
19      0.265117     0.734883     0.502353       0.562210   0.843736     0.126207     0.843736     0.780797     0.229777        0.780797        0.917710     0.086995      0.917710    
20      0.265117     0.734883     0.502353       0.562210   0.843736     0.126207     0.843736     0.780797     0.229777        0.780797        0.917710     0.086995      0.917710    
21      0.265117     0.734883     0.502353       0.562210   0.843736     0.126207     0.843736     0.780797     0.229777        0.780797        0.917710     0.086995      0.917710    
22      0.266387     0.733613     0.500901       0.562860   0.842942     0.123433     0.842942     0.780254     0.223776        0.780254        0.916583     0.085220      0.916583    
23      0.266875     0.733125     0.501066       0.566107   0.842554     0.124920     0.842554     0.780316     0.224396        0.780316        0.915581     0.086551      0.915581    
24      0.267363     0.732637     0.500275       0.564450   0.842275     0.123037     0.842275     0.780019     0.221198        0.780019        0.915331     0.085220      0.915331    
25      0.266484     0.733516     0.500998       0.562994   0.842857     0.123956     0.842857     0.780290     0.224158        0.780290        0.916333     0.085664      0.916333    
26      0.266777     0.733223     0.501129       0.563567   0.842621     0.124960     0.842621     0.780339     0.224654        0.780339        0.915706     0.086551      0.915706    
27      0.267168     0.732832     0.500719       0.562816   0.842372     0.124240     0.842372     0.780186     0.222989        0.780186        0.915331     0.086107      0.915331    
28      0.265117     0.734883     0.502353       0.562210   0.843736     0.126207     0.843736     0.780797     0.229777        0.780797        0.917710     0.086995      0.917710    
29      0.264921     0.735079     0.503115       0.565394   0.843797     0.128535     0.843797     0.781083     0.232829        0.781083        0.917460     0.088771      0.917460    
30      0.266094     0.733906     0.501408       0.561982   0.843106     0.124679     0.843106     0.780444     0.225844        0.780444        0.916708     0.086107      0.916708    
31      0.266777     0.733223     0.501129       0.563567   0.842621     0.124960     0.842621     0.780339     0.224654        0.780339        0.915706     0.086551      0.915706    
32      0.266094     0.733906     0.501408       0.561982   0.843106     0.124679     0.843106     0.780444     0.225844        0.780444        0.916708     0.086107      0.916708    
33      0.266191     0.733809     0.501186       0.563619   0.843057     0.124076     0.843057     0.780360     0.224942        0.780360        0.916708     0.085664      0.916708    
34      0.266484     0.733516     0.501317       0.563740   0.842821     0.125080     0.842821     0.780410     0.225434        0.780410        0.916082     0.086551      0.916082    
35      0.267168     0.732832     0.500719       0.562816   0.842372     0.124240     0.842372     0.780186     0.222989        0.780186        0.915331     0.086107      0.915331    
36      0.266191     0.733809     0.501186       0.563619   0.843057     0.124076     0.843057     0.780360     0.224942        0.780360        0.916708     0.085664      0.916708    
37      0.266191     0.733809     0.501186       0.563619   0.843057     0.124076     0.843057     0.780360     0.224942        0.780360        0.916708     0.085664      0.916708    
38      0.266191     0.733809     0.501186       0.563619   0.843057     0.124076     0.843057     0.780360     0.224942        0.780360        0.916708     0.085664      0.916708    
39      0.266484     0.733516     0.500998       0.562994   0.842857     0.123956     0.842857     0.780290     0.224158        0.780290        0.916333     0.085664      0.916333    
40      0.266875     0.733125     0.501066       0.566107   0.842554     0.124920     0.842554     0.780316     0.224396        0.780316        0.915581     0.086551      0.915581    
41      0.267363     0.732637     0.500275       0.564450   0.842275     0.123037     0.842275     0.780019     0.221198        0.780019        0.915331     0.085220      0.915331    
42      0.266191     0.733809     0.501186       0.563619   0.843057     0.124076     0.843057     0.780360     0.224942        0.780360        0.916708     0.085664      0.916708    
43      0.267168     0.732832     0.500719       0.562816   0.842372     0.124240     0.842372     0.780186     0.222989        0.780186        0.915331     0.086107      0.915331    
44      0.267363     0.732637     0.500275       0.564450   0.842275     0.123037     0.842275     0.780019     0.221198        0.780019        0.915331     0.085220      0.915331    
45      0.266191     0.733809     0.501186       0.563619   0.843057     0.124076     0.843057     0.780360     0.224942        0.780360        0.916708     0.085664      0.916708    
46      0.267363     0.732637     0.500275       0.564450   0.842275     0.123037     0.842275     0.780019     0.221198        0.780019        0.915331     0.085220      0.915331    
47      0.265605     0.734395     0.502518       0.564431   0.843349     0.127687     0.843349     0.780860     0.230324        0.780860        0.916708     0.088327      0.916708    
48      0.266191     0.733809     0.501186       0.563619   0.843057     0.124076     0.843057     0.780360     0.224942        0.780360        0.916708     0.085664      0.916708    
49      0.264921     0.735079     0.503115       0.565394   0.843797     0.128535     0.843797     0.781083     0.232829        0.781083        0.917460     0.088771      0.917460    
50      0.265117     0.734883     0.502353       0.562210   0.843736     0.126207     0.843736     0.780797     0.229777        0.780797        0.917710     0.086995      0.917710    
51      0.267168     0.732832     0.500719       0.562816   0.842372     0.124240     0.842372     0.780186     0.222989        0.780186        0.915331     0.086107      0.915331    
============================================================================================================================================

MATRICE DI CONFUSIONE SUL VALIDATION SET:
----------------------------------------
tp: 7308  fp: 2059  fn: 676   tn: 194  


STATISTICHE FINALI:
============================================================

🔹 LOSS:
   Rounds disponibili  : 50
   Valore iniziale     : 0.273908 
   Valore finale       : 0.267168 
   Valore minimo       : 0.264921 
   Valore massimo      : 0.273908 
   Valore medio        : 0.266539 
   Miglioramento       : -0.006740 📉

🔹 ACCURACY:
   Rounds disponibili  : 50
   Valore iniziale     : 0.726092 
   Valore finale       : 0.732832 
   Valore minimo       : 0.726092 
   Valore massimo      : 0.735079 
   Valore medio        : 0.733461 
   Miglioramento       : 0.006740  📈

🔹 BALANCEDACC:
   Rounds disponibili  : 50
   Valore iniziale     : 0.553906 
   Valore finale       : 0.500719 
   Valore minimo       : 0.500275 
   Valore massimo      : 0.553906 
   Valore medio        : 0.502346 
   Miglioramento       : -0.053187 📉

🔹 AUC:
   Rounds disponibili  : 50
   Valore iniziale     : 0.582776 
   Valore finale       : 0.562816 
   Valore minimo       : 0.561982 
   Valore massimo      : 0.582776 
   Valore medio        : 0.564165 
   Miglioramento       : -0.019960 📉

🔹 F1_SCORE:
   Rounds disponibili  : 50
   Valore iniziale     : 0.830676 
   Valore finale       : 0.842372 
   Valore minimo       : 0.830676 
   Valore massimo      : 0.843797 
   Valore medio        : 0.842651 
   Miglioramento       : 0.011696  📈

🔹 F1_NATURAL:
   Rounds disponibili  : 50
   Valore iniziale     : 0.283597 
   Valore finale       : 0.124240 
   Valore minimo       : 0.123037 
   Valore massimo      : 0.283597 
   Valore medio        : 0.127997 
   Miglioramento       : -0.159358 📉

🔹 F1_ATTACK:
   Rounds disponibili  : 50
   Valore iniziale     : 0.830676 
   Valore finale       : 0.842372 
   Valore minimo       : 0.830676 
   Valore massimo      : 0.843797 
   Valore medio        : 0.842651 
   Miglioramento       : 0.011696  📈

🔹 PRECISION:
   Rounds disponibili  : 50
   Valore iniziale     : 0.802006 
   Valore finale       : 0.780186 
   Valore minimo       : 0.780019 
   Valore massimo      : 0.802006 
   Valore medio        : 0.780833 
   Miglioramento       : -0.021820 📉

🔹 PRECISION_NAT:
   Rounds disponibili  : 50
   Valore iniziale     : 0.334136 
   Valore finale       : 0.222989 
   Valore minimo       : 0.221198 
   Valore massimo      : 0.334136 
   Valore medio        : 0.227538 
   Miglioramento       : -0.111148 📉

🔹 PRECISION_ATT:
   Rounds disponibili  : 50
   Valore iniziale     : 0.802006 
   Valore finale       : 0.780186 
   Valore minimo       : 0.780019 
   Valore massimo      : 0.802006 
   Valore medio        : 0.780833 
   Miglioramento       : -0.021820 📉

🔹 RECALL:
   Rounds disponibili  : 50
   Valore iniziale     : 0.861473 
   Valore finale       : 0.915331 
   Valore minimo       : 0.861473 
   Valore massimo      : 0.917710 
   Valore medio        : 0.915175 
   Miglioramento       : 0.053858  📈

🔹 RECALL_NAT:
   Rounds disponibili  : 50
   Valore iniziale     : 0.246338 
   Valore finale       : 0.086107 
   Valore minimo       : 0.085220 
   Valore massimo      : 0.246338 
   Valore medio        : 0.089516 
   Miglioramento       : -0.160231 📉

🔹 RECALL_ATT:
   Rounds disponibili  : 50
   Valore iniziale     : 0.861473 
   Valore finale       : 0.915331 
   Valore minimo       : 0.861473 
   Valore massimo      : 0.917710 
   Valore medio        : 0.915175 
   Miglioramento       : 0.053858  📈

