RESOCONTO ADDESTRAMENTO FEDERATO RANDOM FOREST SMARTGRID
Rounds totali: 50

TABELLA RIASSUNTIVA METRICHE:
============================================================================================================================================
Round   Loss         Accuracy     BalancedAcc    AUC        F1_Score     F1_Natural   F1_Attack    Precision    Precision_Nat   Precision_Att   Recall       Recall_Nat    Recall_Att  
--------------------------------------------------------------------------------------------------------------------------------------------
2       0.221940     0.778060     0.499288       0.510745   0.875137     0.002634     0.875137     0.779671     0.120000        0.779671        0.997244     0.001332      0.997244    
3       0.236495     0.763505     0.495692       0.468358   0.865313     0.031212     0.865313     0.778401     0.158537        0.778401        0.974073     0.017310      0.974073    
4       0.223112     0.776888     0.498537       0.524218   0.874395     0.002620     0.874395     0.779412     0.081081        0.779412        0.995741     0.001332      0.995741    
5       0.223405     0.776595     0.498986       0.520081   0.874154     0.006084     0.874154     0.779566     0.145833        0.779566        0.994865     0.003107      0.994865    
6       0.223405     0.776595     0.498986       0.520804   0.874154     0.006084     0.874154     0.779566     0.145833        0.779566        0.994865     0.003107      0.994865    
7       0.223112     0.776888     0.498537       0.524218   0.874395     0.002620     0.874395     0.779412     0.081081        0.779412        0.995741     0.001332      0.995741    
8       0.223405     0.776595     0.498986       0.520081   0.874154     0.006084     0.874154     0.779566     0.145833        0.779566        0.994865     0.003107      0.994865    
9       0.223405     0.776595     0.499145       0.519695   0.874140     0.006947     0.874140     0.779621     0.160000        0.779621        0.994739     0.003551      0.994739    
10      0.223210     0.776790     0.498952       0.521407   0.874292     0.005224     0.874292     0.779555     0.136364        0.779555        0.995240     0.002663      0.995240    
11      0.222819     0.777181     0.499202       0.519462   0.874539     0.005233     0.874539     0.779641     0.150000        0.779641        0.995741     0.002663      0.995741    
12      0.223405     0.776595     0.499464       0.517434   0.874112     0.008669     0.874112     0.779731     0.185185        0.779731        0.994489     0.004439      0.994489    
13      0.223405     0.776595     0.498986       0.520081   0.874154     0.006084     0.874154     0.779566     0.145833        0.779566        0.994865     0.003107      0.994865    
14      0.223405     0.776595     0.499464       0.517434   0.874112     0.008669     0.874112     0.779731     0.185185        0.779731        0.994489     0.004439      0.994489    
15      0.223503     0.776497     0.499720       0.518564   0.874023     0.010381     0.874023     0.779819     0.203390        0.779819        0.994113     0.005326      0.994113    
16      0.223112     0.776888     0.498537       0.524218   0.874395     0.002620     0.874395     0.779412     0.081081        0.779412        0.995741     0.001332      0.995741    
17      0.223210     0.776790     0.499748       0.516066   0.874222     0.009536     0.874222     0.779829     0.203704        0.779829        0.994614     0.004882      0.994614    
18      0.223405     0.776595     0.498986       0.520081   0.874154     0.006084     0.874154     0.779566     0.145833        0.779566        0.994865     0.003107      0.994865    
19      0.223503     0.776497     0.499720       0.518564   0.874023     0.010381     0.874023     0.779819     0.203390        0.779819        0.994113     0.005326      0.994113    
20      0.223503     0.776497     0.499720       0.518564   0.874023     0.010381     0.874023     0.779819     0.203390        0.779819        0.994113     0.005326      0.994113    
21      0.223210     0.776790     0.498952       0.517776   0.874292     0.005224     0.874292     0.779555     0.136364        0.779555        0.995240     0.002663      0.995240    
22      0.222819     0.777181     0.499202       0.519462   0.874539     0.005233     0.874539     0.779641     0.150000        0.779641        0.995741     0.002663      0.995741    
23      0.222819     0.777181     0.499202       0.519462   0.874539     0.005233     0.874539     0.779641     0.150000        0.779641        0.995741     0.002663      0.995741    
24      0.223210     0.776790     0.499111       0.522041   0.874278     0.006090     0.874278     0.779609     0.152174        0.779609        0.995115     0.003107      0.995115    
25      0.223503     0.776497     0.499720       0.518564   0.874023     0.010381     0.874023     0.779819     0.203390        0.779819        0.994113     0.005326      0.994113    
26      0.223405     0.776595     0.499464       0.517434   0.874112     0.008669     0.874112     0.779731     0.185185        0.779731        0.994489     0.004439      0.994489    
27      0.223405     0.776595     0.498986       0.520804   0.874154     0.006084     0.874154     0.779566     0.145833        0.779566        0.994865     0.003107      0.994865    
28      0.223210     0.776790     0.498952       0.521407   0.874292     0.005224     0.874292     0.779555     0.136364        0.779555        0.995240     0.002663      0.995240    
29      0.223210     0.776790     0.499748       0.516066   0.874222     0.009536     0.874222     0.779829     0.203704        0.779829        0.994614     0.004882      0.994614    
30      0.223210     0.776790     0.498952       0.521407   0.874292     0.005224     0.874292     0.779555     0.136364        0.779555        0.995240     0.002663      0.995240    
31      0.223503     0.776497     0.499720       0.518564   0.874023     0.010381     0.874023     0.779819     0.203390        0.779819        0.994113     0.005326      0.994113    
32      0.223308     0.776692     0.499367       0.514945   0.874188     0.007812     0.874188     0.779698     0.176471        0.779698        0.994739     0.003995      0.994739    
33      0.223405     0.776595     0.499145       0.519695   0.874140     0.006947     0.874140     0.779621     0.160000        0.779621        0.994739     0.003551      0.994739    
34      0.223601     0.776399     0.499179       0.518025   0.874002     0.007802     0.874002     0.779633     0.166667        0.779633        0.994364     0.003995      0.994364    
35      0.223308     0.776692     0.499367       0.514945   0.874188     0.007812     0.874188     0.779698     0.176471        0.779698        0.994739     0.003995      0.994739    
36      0.223405     0.776595     0.499464       0.517434   0.874112     0.008669     0.874112     0.779731     0.185185        0.779731        0.994489     0.004439      0.994489    
37      0.223405     0.776595     0.499304       0.522670   0.874126     0.007809     0.874126     0.779676     0.173077        0.779676        0.994614     0.003995      0.994614    
38      0.223112     0.776888     0.498537       0.524218   0.874395     0.002620     0.874395     0.779412     0.081081        0.779412        0.995741     0.001332      0.995741    
39      0.223112     0.776888     0.498537       0.524218   0.874395     0.002620     0.874395     0.779412     0.081081        0.779412        0.995741     0.001332      0.995741    
40      0.223210     0.776790     0.499748       0.516066   0.874222     0.009536     0.874222     0.779829     0.203704        0.779829        0.994614     0.004882      0.994614    
41      0.223308     0.776692     0.499367       0.514945   0.874188     0.007812     0.874188     0.779698     0.176471        0.779698        0.994739     0.003995      0.994739    
42      0.223308     0.776692     0.499367       0.514945   0.874188     0.007812     0.874188     0.779698     0.176471        0.779698        0.994739     0.003995      0.994739    
43      0.223503     0.776497     0.499720       0.518564   0.874023     0.010381     0.874023     0.779819     0.203390        0.779819        0.994113     0.005326      0.994113    
44      0.223601     0.776399     0.499179       0.518025   0.874002     0.007802     0.874002     0.779633     0.166667        0.779633        0.994364     0.003995      0.994364    
45      0.223210     0.776790     0.498952       0.517776   0.874292     0.005224     0.874292     0.779555     0.136364        0.779555        0.995240     0.002663      0.995240    
46      0.223405     0.776595     0.499145       0.519695   0.874140     0.006947     0.874140     0.779621     0.160000        0.779621        0.994739     0.003551      0.994739    
47      0.223405     0.776595     0.498986       0.520081   0.874154     0.006084     0.874154     0.779566     0.145833        0.779566        0.994865     0.003107      0.994865    
48      0.223405     0.776595     0.498986       0.520081   0.874154     0.006084     0.874154     0.779566     0.145833        0.779566        0.994865     0.003107      0.994865    
49      0.223601     0.776399     0.499179       0.518025   0.874002     0.007802     0.874002     0.779633     0.166667        0.779633        0.994364     0.003995      0.994364    
50      0.223405     0.776595     0.499145       0.519695   0.874140     0.006947     0.874140     0.779621     0.160000        0.779621        0.994739     0.003551      0.994739    
51      0.223210     0.776790     0.499748       0.516066   0.874222     0.009536     0.874222     0.779829     0.203704        0.779829        0.994614     0.004882      0.994614    
============================================================================================================================================

MATRICE DI CONFUSIONE SUL VALIDATION SET:
----------------------------------------
tp: 7941  fp: 2242  fn: 43    tn: 11   


STATISTICHE FINALI:
============================================================

🔹 LOSS:
   Rounds disponibili  : 50
   Valore iniziale     : 0.221940 
   Valore finale       : 0.223210 
   Valore minimo       : 0.221940 
   Valore massimo      : 0.236495 
   Valore medio        : 0.223550 
   Miglioramento       : 0.001270  📈

🔹 ACCURACY:
   Rounds disponibili  : 50
   Valore iniziale     : 0.778060 
   Valore finale       : 0.776790 
   Valore minimo       : 0.763505 
   Valore massimo      : 0.778060 
   Valore medio        : 0.776450 
   Miglioramento       : -0.001270 📉

🔹 BALANCEDACC:
   Rounds disponibili  : 50
   Valore iniziale     : 0.499288 
   Valore finale       : 0.499748 
   Valore minimo       : 0.495692 
   Valore massimo      : 0.499748 
   Valore medio        : 0.499142 
   Miglioramento       : 0.000460  📈

🔹 AUC:
   Rounds disponibili  : 50
   Valore iniziale     : 0.510745 
   Valore finale       : 0.516066 
   Valore minimo       : 0.468358 
   Valore massimo      : 0.524218 
   Valore medio        : 0.518064 
   Miglioramento       : 0.005320  📈

🔹 F1_SCORE:
   Rounds disponibili  : 50
   Valore iniziale     : 0.875137 
   Valore finale       : 0.874222 
   Valore minimo       : 0.865313 
   Valore massimo      : 0.875137 
   Valore medio        : 0.874039 
   Miglioramento       : -0.000915 📉

🔹 F1_NATURAL:
   Rounds disponibili  : 50
   Valore iniziale     : 0.002634 
   Valore finale       : 0.009536 
   Valore minimo       : 0.002620 
   Valore massimo      : 0.031212 
   Valore medio        : 0.007378 
   Miglioramento       : 0.006902  📈

🔹 F1_ATTACK:
   Rounds disponibili  : 50
   Valore iniziale     : 0.875137 
   Valore finale       : 0.874222 
   Valore minimo       : 0.865313 
   Valore massimo      : 0.875137 
   Valore medio        : 0.874039 
   Miglioramento       : -0.000915 📉

🔹 PRECISION:
   Rounds disponibili  : 50
   Valore iniziale     : 0.779671 
   Valore finale       : 0.779829 
   Valore minimo       : 0.778401 
   Valore massimo      : 0.779829 
   Valore medio        : 0.779619 
   Miglioramento       : 0.000158  📈

🔹 PRECISION_NAT:
   Rounds disponibili  : 50
   Valore iniziale     : 0.120000 
   Valore finale       : 0.203704 
   Valore minimo       : 0.081081 
   Valore massimo      : 0.203704 
   Valore medio        : 0.158589 
   Miglioramento       : 0.083704  📈

🔹 PRECISION_ATT:
   Rounds disponibili  : 50
   Valore iniziale     : 0.779671 
   Valore finale       : 0.779829 
   Valore minimo       : 0.778401 
   Valore massimo      : 0.779829 
   Valore medio        : 0.779619 
   Miglioramento       : 0.000158  📈

🔹 RECALL:
   Rounds disponibili  : 50
   Valore iniziale     : 0.997244 
   Valore finale       : 0.994614 
   Valore minimo       : 0.974073 
   Valore massimo      : 0.997244 
   Valore medio        : 0.994484 
   Miglioramento       : -0.002630 📉

🔹 RECALL_NAT:
   Rounds disponibili  : 50
   Valore iniziale     : 0.001332 
   Valore finale       : 0.004882 
   Valore minimo       : 0.001332 
   Valore massimo      : 0.017310 
   Valore medio        : 0.003799 
   Miglioramento       : 0.003551  📈

🔹 RECALL_ATT:
   Rounds disponibili  : 50
   Valore iniziale     : 0.997244 
   Valore finale       : 0.994614 
   Valore minimo       : 0.974073 
   Valore massimo      : 0.997244 
   Valore medio        : 0.994484 
   Miglioramento       : -0.002630 📉

