RESOCONTO ADDESTRAMENTO FEDERATO RANDOM FOREST SMARTGRID
Rounds totali: 50

TABELLA RIASSUNTIVA METRICHE:
============================================================================================================================================
Round   Loss         Accuracy     BalancedAcc    AUC        F1_Score     F1_Natural   F1_Attack    Precision    Precision_Nat   Precision_Att   Recall       Recall_Nat    Recall_Att  
--------------------------------------------------------------------------------------------------------------------------------------------
2       0.236104     0.763896     0.511872       0.585606   0.864053     0.103154     0.864053     0.784176     0.314480        0.784176        0.962049     0.061696      0.962049    
3       0.227801     0.772199     0.518151       0.623351   0.869370     0.110603     0.869370     0.786380     0.392954        0.786380        0.971944     0.064359      0.971944    
4       0.227313     0.772687     0.518464       0.624500   0.869687     0.110814     0.869687     0.786488     0.398352        0.786488        0.972570     0.064359      0.972570    
5       0.227703     0.772297     0.518373       0.624178   0.869419     0.111323     0.869419     0.786460     0.394595        0.786460        0.971944     0.064802      0.971944    
6       0.227313     0.772687     0.518464       0.624500   0.869687     0.110814     0.869687     0.786488     0.398352        0.786488        0.972570     0.064359      0.972570    
7       0.227703     0.772297     0.518373       0.624178   0.869419     0.111323     0.869419     0.786460     0.394595        0.786460        0.971944     0.064802      0.971944    
8       0.227703     0.772297     0.517895       0.625096   0.869463     0.109285     0.869463     0.786286     0.392857        0.786286        0.972320     0.063471      0.972320    
9       0.228485     0.771515     0.517394       0.622785   0.868956     0.108952     0.868956     0.786113     0.384409        0.786113        0.971318     0.063471      0.971318    
10      0.226531     0.773469     0.520080       0.624309   0.870091     0.115898     0.870091     0.787068     0.410811        0.787068        0.972695     0.067466      0.972695    
11      0.226727     0.773273     0.519159       0.625159   0.870038     0.112428     0.870038     0.786734     0.406077        0.786734        0.973071     0.065246      0.973071    
12      0.227020     0.772980     0.519130       0.624531   0.869833     0.112977     0.869833     0.786727     0.403270        0.786727        0.972570     0.065690      0.972570    
13      0.227410     0.772590     0.518880       0.624241   0.869580     0.112805     0.869580     0.786641     0.398922        0.786641        0.972069     0.065690      0.972069    
14      0.227606     0.772394     0.518595       0.624978   0.869468     0.112043     0.869468     0.786540     0.396226        0.786540        0.971944     0.065246      0.971944    
15      0.226531     0.773469     0.520080       0.624309   0.870091     0.115898     0.870091     0.787068     0.410811        0.787068        0.972695     0.067466      0.972695    
16      0.227996     0.772004     0.518026       0.623554   0.869244     0.110518     0.869244     0.786337     0.390836        0.786337        0.971693     0.064359      0.971693    
17      0.227313     0.772687     0.518464       0.624500   0.869687     0.110814     0.869687     0.786488     0.398352        0.786488        0.972570     0.064359      0.972570    
18      0.226531     0.773469     0.520080       0.624309   0.870091     0.115898     0.870091     0.787068     0.410811        0.787068        0.972695     0.067466      0.972695    
19      0.228485     0.771515     0.517394       0.622785   0.868956     0.108952     0.868956     0.786113     0.384409        0.786113        0.971318     0.063471      0.971318    
20      0.227020     0.772980     0.519130       0.624531   0.869833     0.112977     0.869833     0.786727     0.403270        0.786727        0.972570     0.065690      0.972570    
21      0.227703     0.772297     0.517895       0.625096   0.869463     0.109285     0.869463     0.786286     0.392857        0.786286        0.972320     0.063471      0.972320    
22      0.227801     0.772199     0.518151       0.623351   0.869370     0.110603     0.869370     0.786380     0.392954        0.786380        0.971944     0.064359      0.971944    
23      0.227606     0.772394     0.518595       0.624978   0.869468     0.112043     0.869468     0.786540     0.396226        0.786540        0.971944     0.065246      0.971944    
24      0.227020     0.772980     0.519130       0.624531   0.869833     0.112977     0.869833     0.786727     0.403270        0.786727        0.972570     0.065690      0.972570    
25      0.226531     0.773469     0.520080       0.624309   0.870091     0.115898     0.870091     0.787068     0.410811        0.787068        0.972695     0.067466      0.972695    
26      0.227703     0.772297     0.517895       0.625096   0.869463     0.109285     0.869463     0.786286     0.392857        0.786286        0.972320     0.063471      0.972320    
27      0.226727     0.773273     0.519159       0.625159   0.870038     0.112428     0.870038     0.786734     0.406077        0.786734        0.973071     0.065246      0.973071    
28      0.227606     0.772394     0.518595       0.624978   0.869468     0.112043     0.869468     0.786540     0.396226        0.786540        0.971944     0.065246      0.971944    
29      0.227606     0.772394     0.517958       0.623746   0.869526     0.109327     0.869526     0.786307     0.393939        0.786307        0.972445     0.063471      0.972445    
30      0.227606     0.772394     0.518595       0.624978   0.869468     0.112043     0.869468     0.786540     0.396226        0.786540        0.971944     0.065246      0.971944    
31      0.227606     0.772394     0.518595       0.624978   0.869468     0.112043     0.869468     0.786540     0.396226        0.786540        0.971944     0.065246      0.971944    
32      0.226727     0.773273     0.519159       0.625159   0.870038     0.112428     0.870038     0.786734     0.406077        0.786734        0.973071     0.065246      0.973071    
33      0.227801     0.772199     0.518151       0.622792   0.869370     0.110603     0.869370     0.786380     0.392954        0.786380        0.971944     0.064359      0.971944    
34      0.226727     0.773273     0.519159       0.625159   0.870038     0.112428     0.870038     0.786734     0.406077        0.786734        0.973071     0.065246      0.973071    
35      0.226727     0.773273     0.519159       0.625159   0.870038     0.112428     0.870038     0.786734     0.406077        0.786734        0.973071     0.065246      0.973071    
36      0.228485     0.771515     0.517394       0.622785   0.868956     0.108952     0.868956     0.786113     0.384409        0.786113        0.971318     0.063471      0.971318    
37      0.227606     0.772394     0.517958       0.623746   0.869526     0.109327     0.869526     0.786307     0.393939        0.786307        0.972445     0.063471      0.972445    
38      0.227606     0.772394     0.518595       0.624978   0.869468     0.112043     0.869468     0.786540     0.396226        0.786540        0.971944     0.065246      0.971944    
39      0.227215     0.772785     0.518846       0.623561   0.869721     0.112214     0.869721     0.786626     0.400545        0.786626        0.972445     0.065246      0.972445    
40      0.227801     0.772199     0.518151       0.622792   0.869370     0.110603     0.869370     0.786380     0.392954        0.786380        0.971944     0.064359      0.971944    
41      0.227215     0.772785     0.518846       0.623561   0.869721     0.112214     0.869721     0.786626     0.400545        0.786626        0.972445     0.065246      0.972445    
42      0.226727     0.773273     0.519159       0.625159   0.870038     0.112428     0.870038     0.786734     0.406077        0.786734        0.973071     0.065246      0.973071    
43      0.227801     0.772199     0.518151       0.623351   0.869370     0.110603     0.869370     0.786380     0.392954        0.786380        0.971944     0.064359      0.971944    
44      0.227606     0.772394     0.518595       0.624978   0.869468     0.112043     0.869468     0.786540     0.396226        0.786540        0.971944     0.065246      0.971944    
45      0.227703     0.772297     0.518373       0.624178   0.869419     0.111323     0.869419     0.786460     0.394595        0.786460        0.971944     0.064802      0.971944    
46      0.227020     0.772980     0.519130       0.624531   0.869833     0.112977     0.869833     0.786727     0.403270        0.786727        0.972570     0.065690      0.972570    
47      0.228485     0.771515     0.517394       0.622785   0.868956     0.108952     0.868956     0.786113     0.384409        0.786113        0.971318     0.063471      0.971318    
48      0.226727     0.773273     0.519159       0.625159   0.870038     0.112428     0.870038     0.786734     0.406077        0.786734        0.973071     0.065246      0.973071    
49      0.226727     0.773273     0.519159       0.625159   0.870038     0.112428     0.870038     0.786734     0.406077        0.786734        0.973071     0.065246      0.973071    
50      0.228485     0.771515     0.517394       0.622785   0.868956     0.108952     0.868956     0.786113     0.384409        0.786113        0.971318     0.063471      0.971318    
51      0.227215     0.772785     0.518846       0.623561   0.869721     0.112214     0.869721     0.786626     0.400545        0.786626        0.972445     0.065246      0.972445    
============================================================================================================================================

MATRICE DI CONFUSIONE SUL VALIDATION SET:
----------------------------------------
tp: 7764  fp: 2106  fn: 220   tn: 147  


STATISTICHE FINALI:
============================================================

🔹 LOSS:
   Rounds disponibili  : 50
   Valore iniziale     : 0.236104 
   Valore finale       : 0.227215 
   Valore minimo       : 0.226531 
   Valore massimo      : 0.236104 
   Valore medio        : 0.227584 
   Miglioramento       : -0.008889 📉

🔹 ACCURACY:
   Rounds disponibili  : 50
   Valore iniziale     : 0.763896 
   Valore finale       : 0.772785 
   Valore minimo       : 0.763896 
   Valore massimo      : 0.773469 
   Valore medio        : 0.772416 
   Miglioramento       : 0.008889  📈

🔹 BALANCEDACC:
   Rounds disponibili  : 50
   Valore iniziale     : 0.511872 
   Valore finale       : 0.518846 
   Valore minimo       : 0.511872 
   Valore massimo      : 0.520080 
   Valore medio        : 0.518469 
   Miglioramento       : 0.006973  📈

🔹 AUC:
   Rounds disponibili  : 50
   Valore iniziale     : 0.585606 
   Valore finale       : 0.623561 
   Valore minimo       : 0.585606 
   Valore massimo      : 0.625159 
   Valore medio        : 0.623479 
   Miglioramento       : 0.037955  📈

🔹 F1_SCORE:
   Rounds disponibili  : 50
   Valore iniziale     : 0.864053 
   Valore finale       : 0.869721 
   Valore minimo       : 0.864053 
   Valore massimo      : 0.870091 
   Valore medio        : 0.869494 
   Miglioramento       : 0.005668  📈

🔹 F1_NATURAL:
   Rounds disponibili  : 50
   Valore iniziale     : 0.103154 
   Valore finale       : 0.112214 
   Valore minimo       : 0.103154 
   Valore massimo      : 0.115898 
   Valore medio        : 0.111461 
   Miglioramento       : 0.009060  📈

🔹 F1_ATTACK:
   Rounds disponibili  : 50
   Valore iniziale     : 0.864053 
   Valore finale       : 0.869721 
   Valore minimo       : 0.864053 
   Valore massimo      : 0.870091 
   Valore medio        : 0.869494 
   Miglioramento       : 0.005668  📈

🔹 PRECISION:
   Rounds disponibili  : 50
   Valore iniziale     : 0.784176 
   Valore finale       : 0.786626 
   Valore minimo       : 0.784176 
   Valore massimo      : 0.787068 
   Valore medio        : 0.786493 
   Miglioramento       : 0.002451  📈

🔹 PRECISION_NAT:
   Rounds disponibili  : 50
   Valore iniziale     : 0.314480 
   Valore finale       : 0.400545 
   Valore minimo       : 0.314480 
   Valore massimo      : 0.410811 
   Valore medio        : 0.396330 
   Miglioramento       : 0.086065  📈

🔹 PRECISION_ATT:
   Rounds disponibili  : 50
   Valore iniziale     : 0.784176 
   Valore finale       : 0.786626 
   Valore minimo       : 0.784176 
   Valore massimo      : 0.787068 
   Valore medio        : 0.786493 
   Miglioramento       : 0.002451  📈

🔹 RECALL:
   Rounds disponibili  : 50
   Valore iniziale     : 0.962049 
   Valore finale       : 0.972445 
   Valore minimo       : 0.962049 
   Valore massimo      : 0.973071 
   Valore medio        : 0.972082 
   Miglioramento       : 0.010396  📈

🔹 RECALL_NAT:
   Rounds disponibili  : 50
   Valore iniziale     : 0.061696 
   Valore finale       : 0.065246 
   Valore minimo       : 0.061696 
   Valore massimo      : 0.067466 
   Valore medio        : 0.064856 
   Miglioramento       : 0.003551  📈

🔹 RECALL_ATT:
   Rounds disponibili  : 50
   Valore iniziale     : 0.962049 
   Valore finale       : 0.972445 
   Valore minimo       : 0.962049 
   Valore massimo      : 0.973071 
   Valore medio        : 0.972082 
   Miglioramento       : 0.010396  📈

